0.24862869977951052 0.4883156418800354 0.4437287271022796 0.5674480110406875 0.5291920840740204
0.31113554239273067 0.5986617267131805 0.5336487829685211 0.7242651224136353 0.5655611962080002
0.4759007275104523 0.5441117644309997 0.3861161351203919 0.3878974258899689 0.6542917966842652 0.3262085020542145 0.47669010758399966 0.30255823731422427 0.657097452878952 0.48001010715961456 0.4725761353969574 0.653800618648529 0.5262465000152587 0.4777518570423126 0.49134146273136137
0.3612114429473877 0.6003168523311615 0.5203844428062439 0.3759244561195374 0.5329896330833435 0.5543967604637146 0.48842504620552063 0.5626276910305024 0.43200742006301884
0.3490131616592407 0.39280446171760564 0.7114789640530944 0.526842075586319 0.572229677438736
0.31235297918319704 0.16561205387115474 0.3527749657630921 0.444424033164978 0.42398654818534853 0.3427071690559387 0.5877223998308182 0.47688131332397465 0.4803769052028656 0.4984377503395081 0.6688930034637451 0.5645286291837692 0.5521422415971756 0.3402728915214539 0.5703307896852493 0.49806000590324406 0.5046274065971375
0.3836138606071472 0.4277382671833039 0.24350842237472536 0.4515098690986633 0.6192538999021053
0.21093274354934688 0.4370000779628753 0.4600068092346191 0.7203815437853336 0.4046625077724457 0.3753967583179474 0.6536777317523956 0.7070968616753817 0.4848098695278168 0.6534673810005188 0.5882581442594528 0.621971333026886 0.6907569006085396 0.393473494052887 0.5024717807769775 0.5928123086690903
0.24791355133056636 0.2202342033386231 0.4207294821739197 0.4965519368648529 0.22576302289962769 0.436148464679718 0.1786979675292969 0.3277052104473114 0.5094193279743194 0.6349708795547485 0.35805226564407344 0.48936297297477727 0.26391525268554683 0.4375848412513733 0.7249410063028335 0.3565424978733063 0.38934552669525146 0.48934856057167053 0.5040324032306671
0.21630809307098386 0.3315447092056274 0.37389793395996096 0.5594038903713227 0.34540921449661255 0.3155988812446594 0.43463289737701416 0.288102674484253 0.3867464601993561 0.39003137350082395 0.6086703419685364 0.48924438357353206 0.5646823883056641 0.4233719766139984 0.38735687732696533 0.534989732503891
0.2391506910324097 0.49877367615699764 1.0425029020756482 0.3102053284645081 0.4758862435817719 0.35364925265312197 0.24789907932281496 0.5526036202907563 0.6223412394523621 0.3964641451835632 0.620247197151184 0.4143536269664765 0.49684428870677944
0.2910671174526215 0.6383842527866364 0.496810519695282 0.4839251935482025 0.3726091146469116 0.5744176536798478 0.3971431314945221 0.6265675276517868 0.6420696437358856 0.5275507271289825 0.6311890721321106 0.6383202612400055 0.5299840867519379 0.6677182435989379 0.3565623462200165 0.556704181432724 0.45043061375617977 0.5038708627223969 0.4233661770820618
0.3521149158477783 0.5908586084842682 0.5907077401876449 0.6077936470508576
0.427081236243248 0.5241780340671539 0.5351850986480713 0.5938107639551162 0.3358871221542359
0.34683210253715513 0.4252942323684692 0.32369681596755984 0.24848539829254146 0.4139742016792297 0.3759952902793884 0.3839671552181244 0.3966407954692841 0.4919483304023743 0.27045899629592896 0.430073082447052 0.6672192275524139 0.5008103668689727 0.662906414270401 0.53240105509758 0.44878410100936894 0.43966524004936214 0.48198809623718264
0.3233416736125946 0.5239152789115906 0.5467074334621429 0.44716407060623165 0.6686233937740326
0.40796076059341435 0.4955499529838562 0.4357236742973327 0.525258356332779 0.5508510172367096 0.49559656381607053 0.7299166344106197 0.5456007719039917
0.34514504075050356 0.43735091090202327 0.47029420733451843 0.3842471480369568 0.3652014017105103 0.6217195302248001 0.447954249382019 0.6105081915855408 0.6631439447402954 0.5711773216724396 0.5988333582878113 0.5838796406984329 0.44447509646415706 0.5331440389156341 0.6826491534709931 0.5503669023513794 0.6480757266283035 0.5296307861804962 0.6569003999233246 0.39606273770332334 0.6605067491531372 0.3374685049057007 0.6568063139915467 0.4292562127113342 0.45856640338897703 0.5391747772693634
0.4543412387371063 0.5185541391372681 0.4794451892375946 0.4751960277557373 0.5116752505302429 0.5809125155210495 0.7002551883459092 0.5369091749191284 0.5001307398080825
0.438776183128357 0.47350310087203984 0.3343931913375855 0.4866556346416473 0.5430065840482712 0.3593860924243927 0.4040297865867615 0.7668249536305666 0.4499707996845246 0.4025599956512451 0.5898857206106186
0.4108380496501922 0.27599028944969173 0.36800804138183596 0.48929340243339536 0.32582807540893555 0.5391520380973815 0.32537285089492796 0.43118427395820613 0.47492014169693 0.340871787071228 0.5799395501613617 0.5677937477827072 0.47082111835479734
0.35645902156829834 0.5717764973640442 0.37225756645202634 0.4545294106006622 0.5253051102161408 0.4717704236507416 0.3984204471111298 0.4709463536739349 0.45997354388237 0.5988019347190857 0.47957000434398656 0.46557031273841853 0.4795190811157226 0.5069365262985229
0.3084114611148834 0.3730335354804992 0.44759832024574275 0.4547013998031616 0.524998077750206 0.46674528121948244 0.6401175022125244 0.5044334530830383 0.5044090151786804 0.6389603316783905 0.47053669095039363 0.6370863139629364 0.4964941680431366 0.4258806943893433 0.6560982286930084 0.4931221008300781 0.4614020824432373 0.6288298860192298
0.45046458840370174 0.510144156217575 0.4171727120876312 0.2084404349327087 0.2570206820964813 0.43861642479896545 0.5855368167161942 0.5294309735298157 0.695036244392395 0.4720685660839081 0.5138718485832214 0.5368163585662842 0.44402948021888733
0.416459608078003 0.5654621034860611 0.3345525860786438 0.3031610727310181 0.44057788848876955 0.6162894606590271 0.7008850246667861 0.615492582321167 0.46034033298492427 0.4374661803245544 0.7504205822944641 0.6187173709273338 0.4858422994613647 0.5107853591442109 0.5567690923810005 0.5575205475091934 0.4918455600738525 0.6176339417696 0.5302994549274445 0.5531905055046081 0.5367996871471405 0.5150581181049347
0.38968039155006406 0.3996575057506562 0.38042126893997197 0.4633785963058472 0.4725687146186829 0.33591608405113216 0.4857579648494721 0.48849108815193176 0.44271635413169863 0.5667900562286377 0.5677898585796356 0.5168571949005127 0.4811143815517426
0.32366489171981816 0.3109919667243958 0.2663796126842499 0.45505773425102236 0.338214385509491 0.5351901888847351 0.3059639215469361 0.3913245022296905 0.5162720799446106 0.6487830340862274 0.42962245345115657 0.5721712648868561 0.6454457938671112 0.5013271152973175 0.6685990989208221 0.4513850629329681 0.5979901552200317 0.7606688439846039 0.5397979617118835 0.5466363787651062 0.5165017068386077 0.4786185920238495
0.44466269612312315 0.5745459944009781 0.7318501248955727 0.6946697950363159 0.7877335542812943 0.6154732257127762 0.5838022291660309
0.4534888505935669 0.4556014001369476 0.5495551943778991 0.49749516546726225 0.5679702579975128
0.16933071613311768 0.4916039288043976 0.44204117059707637 0.5449633121490478 0.47684648633003235 0.5638536602258682 0.5765042781829834 0.7178895622491837 0.4427272260189057 0.5291258335113526 0.7176768869161606 0.5108584582805633 0.5561494290828705 0.42706188559532166 0.5231957495212555 0.4435439586639405 0.5311139166355133 0.48285278081893923 0.5207923412322998 0.6401338934898376
0.2855118095874787 0.5327343702316284 0.6235558301210403 0.5364300698041916 0.6773152053356171 0.3571986794471741
0.33327308893203733 0.5515201807022094 0.6469356477260589 0.4430517852306366 0.505620288848877 0.4746170520782471 0.5475459814071655
0.3818111717700958 0.5363929152488709 0.3164757072925568 0.48881712555885315 0.5110733211040497 0.3423705339431763 0.48974799513816836 0.3489957928657532 0.39663691520690914 0.6923320770263672 0.38713622093200684 0.4801707327365875 0.48402075767517094 0.5532703161239624 0.44811717867851253
0.30839127898216245 0.4218059182167053 0.5478848099708558 0.37432477474212644
0.49526628851890564 0.578725379705429 0.5759882360696793 0.4458153486251831 0.5182126998901367 0.5931990206241607 0.5821925848722458 0.4738960325717926 0.6251169562339782 0.6085602968931199 0.4296160876750946 0.6656157996505498 0.4815862774848938 0.7535649921745062 0.6192957103252411 0.6172018110752105 0.6559833064675331 0.49205124378204346 0.5435880959033966 0.5655782252550126 0.5290987074375153 0.5084367573261261 0.5142067193984985
0.3633501887321472 0.545964315533638 0.5803701281547546 0.4933192372322083 0.5239460736513137 0.728174339956604 0.5606091618537903 0.5929874062538147 0.7203642368316651 0.5205147564411163 0.5374067008495331
0.45654264092445374 0.5757139682769775 0.50790736079216 0.7241732273250818 0.6199487805366516 0.7221001714468003 0.5440559625625611 0.4535282731056214 0.6165570795536042 0.6226645201444626 0.5630488723516465 0.6260235190391541 0.7166170470416546 0.5190777361392975 0.5803242802619935 0.5456244349479675 0.5450123310089111
0.2837775826454163 0.3936886489391327 0.436039125919342 0.6786628722911701 0.41401063799858095 0.5117352247238159 0.5496115565299988 0.5178385674953461 0.7369650393724442 0.5648304373025894 0.7340070277452468 0.5249374747276306 0.5677877485752105
0.34779459834098814 0.31499582529067993 0.4618671178817749 0.4328557848930359 0.4523965954780579 0.5375753700733185 0.38421323895454407 0.3425088286399841 0.44073307514190674 0.4688665091991424 0.4414852976799011 0.5199067503213882 0.5508457124233246 0.5537413656711578 0.6293379366397858 0.5468621909618377 0.5194026470184326 0.4046663999557495
0.3881052911281586 0.4708017647266388 0.6434909790754318 0.4393490254878998 0.5205939292907715 0.5689295172691345 0.496677166223526 0.5001732587814331
0.3178784072399139 0.5712896287441254 0.3136163055896759 0.5634372889995575 0.5601364940404892 0.4901243925094605 0.5799224615097046
0.22855830192565918 0.5323236435651779 0.431652557849884 0.42976830601692195 0.5626137048006058 0.5326025724411011 0.43663490414619444 0.45971396565437317 0.5411899089813232 0.5005680978298187 0.5392641246318817 0.4622519314289093 0.46885683536529543 0.4129611194133759
0.3873690962791443 0.39931544065475466 0.4376987755298615 0.34415315389633183 0.5064933061599731 0.3593580543994903 0.2714657068252564 0.4380026400089264 0.47453504204750063 0.4553255796432495 0.46881594061851506 0.7228887736797333 0.48332863450050356 0.43350334167480464 0.5426218450069428 0.5060109615325927
0.5423908054828643 0.28156756162643437 0.3366256594657898 0.6101483941078186 0.39826675653457644
0.2902247548103333 0.5190479993820191 0.28448157310485844 0.4412742555141449 0.6454985618591309 0.3267397344112396 0.5254815518856049 0.5416011393070221 0.4242147564888 0.4371646463871002 0.607197231054306 0.46979264616966243 0.42924887537956236 0.5543222516775131 0.6078218311071396 0.7079373866319656 0.44557301402091976 0.5175388038158417 0.439824515581131
0.40635139942169185 0.482896089553833 0.5270842701196671 0.5391259625554085 0.47242278456687925
0.4265322864055634 0.5086733758449554 0.5674402981996536 0.7284084886312485 0.776745205745101 0.45160593390464787 0.5297726094722748 0.6452321380376815 0.5958737283945084 0.5772826462984085 0.5275902152061462
0.32257447242736814 0.42240586280822756 0.5539650589227676 0.48193470835685726 0.4836754381656647 0.5484321296215058 0.4389586418867111 0.5306484580039978 0.6190839558839798 0.575305363535881
0.4802583813667297 0.6558618918061256 0.50638467669487 0.5120393633842468 0.47728546857833865 0.5804314345121384
0.4704985439777374 0.5692207306623459 0.5018706262111664 0.4603800237178802 0.6321846395730972 0.5255002021789551 0.5985578984022141
0.22408055663108828 0.5292423665523529 0.5586389392614365 0.184811282157898 0.41222392916679385 0.5004042267799378 0.6835877120494842 0.34637920856475835 0.5369219541549682 0.6783390164375305 0.574129268527031 0.8038101941347122 0.5544049561023712 0.4915003061294556 0.4374387681484222
0.5544680297374726 0.48943855166435246 0.5282139629125595 0.43430184125900273 0.5300572633743286 0.625700232386589 0.32615333795547485 0.4658095479011536 0.37780269980430603 0.4251370787620544 0.7056436657905578 0.5742568999528885 0.44013757109642027 0.602103927731514 0.613418248295784 0.5724081605672836
0.43621888756752014 0.45600838661193843 0.5277513980865478 0.31994545459747314 0.419485080242157 0.3281872749328614 0.48219887018203733 0.4210091054439544 0.4847361266613006 0.4548914015293122 0.5398380815982818 0.4835764795541764 0.44357474446296696 0.5561155319213867 0.42479246854782104 0.5502266228199005 0.5325293958187103
0.4443822920322418 0.39805583953857426 0.33486350774765017 0.544557386636734 0.6447477340698242 0.5244566798210144 0.3835004925727844 0.4899083971977234 0.6475360989570618 0.4224366545677185 0.27809506058692934 0.3893419981002808 0.48591470122337344 0.6690722703933716 0.4160913288593292 0.5082739472389222 0.5483594536781311 0.4961543500423431
0.4635873079299927 0.430696702003479 0.4463718593120575 0.5580947935581207 0.6924713641405106 0.6074622392654419 0.5520144701004028 0.4982269167900085 0.5466696500778199 0.3879850029945373 0.49934735894203186 0.5224705636501312 0.5059579193592072 0.44302388429641726
0.4527669847011566 0.461402440071106 0.5740617454051972 0.5305162310600281 0.503863874077797
0.3423948347568512 0.4743249893188477 0.39187495112419124 0.39822712540626526 0.6803498566150665 0.2964351236820221 0.46736528873443606 0.3237805128097534 0.4837579488754272 0.5005682349205017 0.5686074316501617 0.8021206676959991 0.5321310222148895 0.5521005749702453 0.44174056053161626
0.422711718082428 0.4266655623912812 0.5334791958332061 0.4251288861036301 0.7560066854581237 0.6979054629802703 0.6253027141094207 0.6388680875301361 0.5016741991043091 0.37236401438713074 0.45546062588691716 0.5626887172460556 0.5028999507427215
0.43068900108337405 0.5190239131450654 0.5079227596521377 0.5376475572586059 0.5305129826068878 0.5727104693651199 0.5383750796318054 0.48361144661903377 0.5884446173906326
0.27467800378799434 0.3213913083076477 0.2987574338912964 0.48623198866844175 0.24995490312576296 0.498094129562378 0.4970445990562439 0.6719128131866455 0.570633453130722 0.5465581953525543 0.2903884828090668 0.5323295056819916 0.6931454122066498 0.4980007469654083 0.5063870072364807 0.48983268141746517
0.43250198960304265 0.4862034559249878 0.4430109620094299 0.6678623348474503 0.3841798961162567 0.47907198071479795 0.5208869129419327
0.3883401393890381 0.39646499752998354 0.6047058135271073 0.5055622339248658 0.4320437252521515
0.3496513366699219 0.5584771990776062 0.3323292255401611 0.3454834401607514 0.5558604080229997 0.6533307805657387 0.5921499848365783 0.3201015591621399 0.46320476531982424 0.5623424112796783 0.5545005857944488 0.579826045036316 0.6646689683198929 0.6772283911705017 0.5795083463191986 0.536002317070961 0.45269274711608887 0.5158734977245331
0.35260778069496157 0.5829289257526398 0.47622888088226323 0.49169010221958165 0.5808310002088547 0.501603776216507
0.3801554799079895 0.393873131275177 0.26920152902603145 0.6562637209892273 0.43079077005386357 0.4601687669754029 0.651138985157013 0.6185241885483265 0.3598864436149597 0.5371103316545487 0.39584208130836485 0.40348598957061765 0.555089807510376 0.4202373087406158 0.5024397164583206 0.5032172977924347 0.5264376342296601 0.6157300472259521 0.5619114816188813
0.3049725294113159 0.3098448157310486 0.3620837509632111 0.6419166505336762 0.366413164138794 0.3953377723693847 0.5667097568511963 0.6452425837516784 0.4518282830715179 0.6424963295459747 0.5125944674015045 0.40939065217971804 0.5305095195770264 0.5328695595264434 0.31955655813217165
0.36556663513183596 0.3015005767345429 0.3944605112075805 0.6246436417102814 0.44490941762924197 0.5150560736656189 0.4696564018726349 0.5482775270938873 0.6657446265220642 0.49797390401363373 0.543037724494934 0.26328465938568113 0.41003029942512514 0.5795308738946915
0.3910697340965271 0.5671375036239624 0.4288430273532867 0.4261899948120117 0.47183201611042025
0.40263360142707827 0.42637342810630796 0.4147649228572845 0.48887370824813847 0.47381289601325993 0.3881234467029572
0.46077691912651064 0.5421770066022873 0.613504558801651 0.24725363254547117 0.7246163815259934 0.4255931496620178 0.42624360918998716 0.4926891148090362 0.44385409355163574 0.6053272396326065 0.610162228345871 0.2841360449790955 0.41983866691589355 0.6068102419376373 0.477887612581253 0.47604968547821047 0.5455692708492279 0.3146539628505707 0.5356665313243866 0.43853499293327336
0.30136554241180424 0.4404379665851593 0.5037465527653694
0.4553894937038422 0.4666730225086212 0.44909995794296265 0.366930615901947 0.2802573204040527 0.43684602379798887 0.4744041621685028 0.44835056066513057 0.45361040830612187 0.6299272298812866 0.5154712438583374 0.4353943169116974 0.6050663203001022
0.523364344239235 0.45865808129310603 0.4655939698219299 0.5678134590387345 0.5116924166679382 0.5144381821155548 0.46633639335632326 0.5653125047683716 0.6319939255714416 0.48728008866310124 0.5375506579875946 0.4664883852005005 0.5110257148742676 0.22486091852188106 0.44354585409164426 0.4399832367897034 0.6282742202281952 0.3799744486808777 0.4540802538394928 0.6316379427909851 0.3175589978694916 0.3124258637428283 0.3459508180618286
0.3079133749008178 0.4287136852741241 0.6395768165588379 0.4904706954956055 0.5353484779596329 0.4768337070941925 0.5560333818197251 0.5462972044944763 0.39693222045898435 0.5052289843559266 0.5488648295402527 0.4121154963970184 0.5852634727954864 0.4393612504005432 0.6565477311611175 0.47673977017402647 0.74581837952137 0.38140856027603154 0.5581088423728943 0.6304463744163513 0.48173220157623287 0.5079805374145507
0.4294882476329803 0.5340135872364045 0.402681565284729 0.5303650081157685 0.5180820286273956 0.5338771998882293 0.35266011357307436 0.4809017062187195 0.5003848016262055 0.4880387544631958 0.5978281259536743 0.4743522465229034 0.5946546196937561 0.3583456814289093 0.509808999300003 0.38621686100959773 0.4633955419063568 0.5312324404716492
0.26459833383560183 0.39798464179039006 0.3920509576797485 0.3634060680866241 0.40986635386943815 0.41219263672828677 0.42673231363296504
0.3409091532230377 0.5543887078762054 0.42339570522308345 0.5317502498626709 0.57585509121418 0.41232662796974184 0.5416019797325134 0.318842101097107 0.6608404099941254 0.5391117691993713 0.6661088079214096 0.4278351664543152 0.6096322119235993 0.4894004762172699 0.6439919710159302 0.4999499261379242 0.5353029191493988 0.6713211357593536 0.48615385890007023 0.4975633919239044 0.544777050614357
0.5044868528842926 0.4545549035072327 0.2856823205947876 0.5245508253574371 0.6495674133300782 0.3531799852848053 0.49926069378852844 0.29414451122283936 0.44043004512786865 0.6508270680904389 0.6008617877960205 0.5110205590724946 0.3752423584461212 0.5439818680286408 0.43917604684829714
0.3679561972618103 0.5927517026662826 0.5844576954841614 0.5817924439907074 0.41321447491645813
0.44790550470352175 0.5485009253025055 0.530535227060318 0.468635904788971
0.2622588396072387 0.3558927655220032 0.4495434641838074 0.3876516938209533 0.1968043088912964 0.13764903545379636 0.2962756216526031 0.476801210641861 0.4360148966312408 0.3499161899089813 0.4098317444324493 0.6588751316070557 0.3580989599227905 0.5101574301719666 0.4469168603420257 0.57544224858284 0.38776024580001833
0.22976844310760502 0.32524331212043767 0.5446109265089035 0.5423305630683899 0.34292635321617126 0.6812681466341018 0.7552093159407377 0.5335373163223267 0.48435817360877986 0.542878383398056 0.44137780070304866 0.5448169589042664
0.48610159754753113 0.49299347400665283 0.4753694236278534 0.6425402671098709 0.21897355318069456 0.3878666281700134 0.36215127706527706 0.488909512758255 0.645220410823822 0.4458854138851166 0.6422282099723816 0.4801752507686615 0.6814712181687355
0.3051182389259338 0.559927836060524 0.19202116131782532 0.16243381500244136 0.5066590130329132 0.23524640202522273 0.42550669908523564 0.35375514030456545 0.40779180526733394 0.6469160139560699 0.38024681210517886 0.4888821721076966 0.7463349878787995 0.37505652308464055 0.5945043057203293 0.5212307572364807 0.5204058408737182 0.49200152158737187 0.6599969223141671
0.4723460793495178 0.301871407032013 0.5178586959838867 0.44541726708412166 0.5389070749282837
0.38476056456565855 0.39916293621063237 0.6319453358650208 0.3986915349960327 0.5644879397004843
0.3977023959159851 0.5109072744846344 0.4247993111610413 0.6243072181940079 0.5731015682220459 0.667475338280201 0.5518573194742202 0.46070330739021303 0.630032753944397 0.4972194850444793 0.659619253873825 0.46417319774627686 0.6351038038730621 0.5154924392700195 0.6304725110530853 0.4993022918701172 0.6356060683727265 0.5102396428585052 0.5372439622879028
0.40446876883506777 0.47363950014114375 0.5942909181118011 0.6113978815265 0.5069074988365173 0.648892593383789 0.6005856104195118 0.583955779671669 0.7112310454249382 0.5942522905766964 0.5721355199813842 0.6141816437244415 0.6155852492898702 0.5599507987499237 0.6486878275871277 0.6728933393955231 0.7459343627095223 0.5131942749023437 0.5761501222848893 0.3930576920509339
0.5358377456665039 0.5282834768295288 0.47557355165481563 0.5455835312604904 0.4433189868927002 0.5122429251670837 0.48662822842597964 0.5665879845619202 0.6740696489810943 0.49794106483459477 0.6703365862369537 0.46842032074928286 0.5212246835231781
0.4411363065242767 0.4317691802978516 0.622400426864624 0.4078012049198151 0.5370255649089813 0.4056245982646942 0.54179248213768 0.41180190443992615 0.5251995861530304 0.4502710461616516 0.5457680225372314 0.6474701166152954 0.4781250715255737 0.5324469029903411 0.4154405236244202 0.5231282234191894 0.4684117794036865
0.4242781937122345 0.46460052728652956 0.3575572669506073
0.4835082530975342 0.5235895216464996 0.6813652008771897 0.4235031425952911 0.43574345111846924 0.5400648891925812 0.540480762720108 0.5844437777996063 0.5072427928447724 0.49172753691673277
0.3099058389663696 0.4933385789394379 0.3734557211399079 0.4932412654161453 0.2266249537467957 0.4484645545482635 0.3952129662036896 0.5902595818042755 0.36616469025611875 0.4117949068546295 0.6372973620891571 0.4288952827453614 0.4024863302707672 0.615456348657608 0.48280517458915706 0.38681894540786743 0.582705307006836
0.3920169174671173 0.5315663933753967 0.4229698002338409 0.626368272304535 0.5046512186527252 0.5192269802093505 0.4855817377567291
0.3399900197982788 0.552174523472786 0.7216976344585418 0.2592841625213623 0.5474174320697784 0.7199947655200958 0.5184667646884918 0.457254683971405 0.7233363032341004 0.43818471431732176 0.7220960021018982 0.40489645600318913 0.7203262388706207 0.4146710515022278 0.543070501089096
0.3129182457923889 0.4193828642368317 0.37726696729660036 0.41512416601181035 0.44333205223083494 0.561986917257309 0.579470905661583 0.5191842496395112 0.7071530103683472 0.421765786409378 0.5701972961425781 0.4626582086086273 0.5572024941444397
0.48646287918090825 0.46455687284469604 0.41376461982727053 0.44264692068099976 0.5452840507030488 0.4830494225025177 0.5758487403392791 0.7033563137054444 0.5255435019731521 0.6999689996242523 0.5735910430550575 0.4393708407878876
0.33540562391281126 0.6025426983833313 0.6323968887329101 0.4891175210475922 1.0357939530164004 0.4032135546207428 0.3552517712116241 0.3645039021968841 0.37479256391525273 0.3977061480283737 0.5031165778636932 0.6352502226829528 0.4234880983829499 0.38875200748443606 0.6328398287296295 0.49561896324157717 0.358899074792862 0.43683381080627437 0.6367755323648453 0.485947048664093 0.46447190046310427
0.39283003807067873 0.5336617082357407 0.607094532251358 0.6260199144482612 0.5841553956270218
0.33628259301185603 0.4925207376480103 0.42135873436927795 0.4181540846824646 0.3757590234279633 0.4142548143863678 0.6717387735843658 0.2866951107978821 0.6684402465820313 0.4729049921035766 0.6943133175373077 0.5087435841560364 0.502634871006012
0.2941613078117371 0.4398659110069275 0.5525859534740448 0.44678950905799864 0.41900075078010557 0.4403867602348328 0.5314026713371277
0.4685317158699036 0.67984060049057 0.7529614418745041 0.557190763950348 0.7465188443660736 0.5595439553260804 0.5642418533563613 0.5877812266349792 0.6739103734493256 0.5525269836187363 0.4925937712192535
0.18070330023765568 0.2975736320018768 0.3887883186340332 0.638712203502655 0.2723867654800415 0.5122133910655975 0.2448459267616272 0.6429966926574707 0.18899278640747075 0.6391980886459351 0.23571773767471316 0.486829674243927 0.6689645528793335 0.4365239441394806 0.36967539191246035 0.6371333539485932 0.5855375915765763 0.39902322292327885 0.548401340842247
0.4048042058944702 0.4895511448383332 0.6516024768352509 0.31491261124610903 0.5715998530387878 0.4334955036640167 0.6432559818029404 0.65388503074646 0.44679269194602966 0.4447760581970215 0.6728626072406769 0.44556693434715267 0.49043750464916225
0.20137209892272945 0.4015917718410492 0.47166213393211365 0.3501541554927826 0.43422054648399355
0.3962228536605835 0.3841472566127777 0.2716294348239898 0.36794596910476685 0.44193621873855593 0.32419893741607664 0.5101726174354553 0.4098850011825561 0.43796328902244563 0.7144648790359497 0.3777820944786072 0.5201973378658294 0.7110411882400512 0.3820011854171753 0.4955975532531738 0.731405285000801 0.5629094392061234 0.44606150388717647 0.40786612033843994
0.1531322240829468 0.45504524111747746 0.19226173162460325 0.46467130780220034 0.3712308585643769 0.40442060828208926 0.5496278733015061 0.454507315158844 0.36352614164352415 0.49322148561477663 0.4583891153335571 0.4723042607307434 0.4606848776340484 0.5399210751056671 0.4070557534694672 0.45602369904518125 0.3993147313594818 0.4321452915668488 0.46053075790405273 0.4446669399738312 0.4267255246639252 0.25841255187988277 0.5159421503543854
0.35753078460693355 0.3396250605583191 0.6275588572025299 0.3715303421020508 0.2950373649597168 0.5255152463912964 0.5327557682991028 0.5265144050121308 0.41617481708526616
0.398802500963211 0.28723750114440916 0.4565834641456604 0.19210407733917234 0.5350590258836746 0.2843883395195007 0.4068147599697113 0.16133208274841304 0.3947791397571564 0.6483668029308319 0.2788391709327698 0.24723682105541234 0.40902483463287354 0.519414097070694
0.3561057150363922 0.4768010079860687 0.513409560918808 0.2731035351753235 0.38274224698543546 0.35146896988153453 0.3721710473299027 0.5220796167850494 0.5214447744190693
0.3504166305065155 0.5486596405506134 0.4570099532604217
0.32744500041007996 0.3558455765247345 0.40893874168395994 0.2888280749320984 0.4299391686916352 0.23538916110992436 0.39679527282714844 0.5481232613325119 0.5473280847072601 0.6888941884040832 0.30542986989021303 0.41080718040466313 0.6848069727420807 0.3996223211288452 0.560258823633194 0.4728731274604797
0.3692462325096131 0.5317557573318481 0.4138873815536499 0.6920501884073019 1.091708957310766 0.4921975255012512 0.5449111849069596 0.628780722618103 0.6556143224239349 0.6136606574058533 0.5472122430801392
0.3788528084754944 0.6205089598894119 0.5057435482740402 0.5633196055889129 0.6083111733198165 0.5203751116991043 0.4571011960506439 0.5543918132781982 0.6877999499440193
0.3213444709777832 0.43884640336036684 0.4865662157535553 0.5680135488510132 0.6490849912166595 0.48439398407936096 0.5512104570865631 0.49210979342460637 0.55428926050663 0.6535665392875671 0.5643907517194748 0.6500241219997406 0.44348101615905766 0.4112092196941376 0.5015431821346283 0.6375017017126083 0.5308712303638459
0.42613010406494145 0.7841111023910343 0.3654325723648071 0.651022931933403 0.7057831704616546 0.5262810468673706 0.4247794032096863 0.5075821787118912
0.2785926699638367 0.3792826056480407 0.4211146414279938 0.5541328072547913 0.5232596755027771
0.3152565360069275 0.4211392223834991 0.18888429403305051 0.34775370359420776 0.6640346229076386 0.41923390626907353 0.45652576684951784 0.3600527167320251 0.5421767234802246 0.6654445111751557 0.45729982256889345 0.6856125354766845 0.3579608142375946 0.28148802518844607 0.665641438961029 0.33962061405181887 0.4134900748729706
0.39980400204658506 0.408834844827652 0.6809012800455093 0.3699618756771088 0.44508296251296997 0.6844307124614716 0.3783040702342987 0.6806583106517792 0.439961189031601 0.4850668966770172 0.4408118844032287
0.3791479051113129 0.5407946586608887 0.2049434065818787 0.4102895796298981 0.4800230443477631 0.4268108606338501 0.4744713306427002 0.6442083179950714 0.5165704309940338 0.5104723155498505 0.4602209687232971 0.6680282473564148 0.5187541663646698 0.515584123134613
0.42150671482086177 0.5487522393465042 0.5159101605415344 0.46956965923309324 0.4186766862869262 0.46267459392547605 0.569259512424469 0.6255146831274032 0.5201129257678986 0.4862882018089294 0.568503326177597 0.511128556728363 0.39092401862144466 0.5721146881580352 0.5038187384605408
0.3485750198364258 0.3860655128955841 0.3328463137149811 0.4241140425205231 0.44194180369377134
0.5755539834499359 0.5130531430244446 0.540575134754181 0.5987464904785156
0.4311021327972412 0.5309196829795837 0.47279042601585386 0.3514867126941681 0.32326985001564024 0.10776454210281372 0.5303762376308441 0.5334886491298676 0.1730419516563415 0.30773912072181697 0.6715944707393646 0.08836057186126711 0.2250229358673096 0.34307904243469234 0.5058530271053314
0.3859172344207764 0.5154613643884659 0.31407723426818845 0.5747177064418793 0.3066332280635834 0.4467726945877075 0.22333581447601314 0.40903565287590027 0.6532626211643219 0.3012388169765472 0.5489536851644516 0.63184072971344 0.5723145753145218 0.6506300091743469 0.607571366429329 0.6898977294564247 0.490298080444336 0.6532626211643219 0.8388078406453132 0.7188883736729622 0.5149891138076782 0.44192215204238894 0.5470492243766785
0.4853831887245178 0.670604632794857 0.42430517077445984 0.3662982523441315 1.09516026917845 0.33256069421768186 0.3405444145202636 0.5090474426746369 0.17794702053070066 0.4105234563350677 0.6697149455547333 0.2379747271537781 0.530126765370369 0.5682215034961701
0.3844061374664307 0.4177518248558044 0.43066031932830806 0.601935750246048 0.2818848490715027 0.5784742146730423 0.49155851602554324 0.43331072926521297 0.5219240844249725 0.691853116452694 0.5154816329479217 0.49072709679603577 0.5247009932994843 0.5075183928012847 0.4933548986911773 0.5417778611183166 0.5371902227401734 0.5402648478746415 0.552587366104126 0.516695523262024 0.5531260132789612 0.5029982686042785 0.5617421090602874 0.3929018020629883 0.5052059531211853 0.5152898669242859 0.5504885256290436 0.4243853986263275
0.36924092769622807 0.676377284526825 0.2026565551757813 0.4042953014373779 0.6715626895427704 0.2941507220268249 0.5660448253154755 0.3269991636276245 0.4824330091476441 0.6760450959205627 0.35565153956413265 0.5145205318927765 0.42802671194076536
0.44612676501274107 0.4183308780193329 0.3875357866287231 0.4995538175106049 0.6991760730743408
0.21943887472152712 0.4063278079032898 0.30773360729217525 0.249906313419342 0.3981466710567474 0.4419153809547425 0.36515428423881535 0.6256246626377105 0.2718902111053467 0.3603410363197327 0.622591209411621 0.263517028093338 0.33393365144729614 0.6483149528503418 0.5410919487476349 0.4733489155769348
0.3152699530124664 0.7030749114695937 0.26600872278213505 0.36513960361480713 0.5254551470279694 0.4421024143695831 0.4477341532707214
0.4334399223327636 0.34878289699554443 0.4889717400074005 0.5466394126415253
0.3231571793556214 0.5621971905231475 0.42900364398956303 0.3590085625648498 0.42532799839973445 0.6491476416587829 0.39201952219009395 0.2911758184432983 0.44567273855209355 0.2950317859649658 0.4079076528549195 0.6529305040836334 0.32257786989212034 0.454289048910141 0.1983612537384033 0.3101107537746429 0.6596010982990265 0.36764951348304753 0.39930385947227476 0.3351759254932404 0.4250107169151306 0.49179830551147463
0.3621001303195953 0.47423188686370854 0.5071862071752549 0.539857929944992 0.6673650071024895
0.4070280015468597 0.7255496472120285 0.8168102271854878 0.3154497027397156 0.4510628461837769 0.5586464285850525
0.2618462264537811 0.5267819702625275 0.3201722621917724 0.4743280947208405 0.5032352387905121 0.7329640656709671 0.6047977030277252 0.5300609350204468 0.5229854732751846 0.7355475127696991 0.4866566896438599 0.4985958278179169 0.40580337643623354 0.5588781118392945 0.5710655093193054 0.6437848687171936 0.40109840631484983 0.4756584584712982 0.544512677192688 0.4964259326457977 0.6408053159713745 0.4170531272888184 0.46011607646942143
0.2840267777442932 0.4300859272480011 0.5612928897142411 0.4816225886344909 0.6219213977456093 0.6235443890094757 0.6388186514377594 0.7722952912561596 0.6476769357919693 0.49365389347076416 0.4586230516433716 0.5646087914705277
0.2096277713775635 0.3186039328575134 0.5023469090461731 0.6669102072715759 0.5382658064365387
0.37771286964416506 0.5969244569540024 0.5191207528114319 0.5692136019468308 0.6304770320653915 0.6039573192596436 0.728516411781311 0.621425274014473 0.7324406802654266 0.6756218671798706 0.7310511320829391 0.7454793479293584 0.5763948649168015
0.37715430259704585 0.48724837899208073 0.416651862859726 0.44052928984165196 0.8132421616464853 0.46174860596656797 0.5370616614818573 0.5044559895992279 0.5967144668102264 0.5325308084487915 0.5902153670787811 0.5547850221395493 0.5268252670764924 0.49604402184486385 0.5896795451641083 0.5554818153381348
0.3128054440021515 0.5012683510780335 0.4951272130012512 0.5965663492679596 0.5471155524253846 0.5963517606258393 0.511624401807785 0.5255846112966538
0.3470669507980346 0.4445377558469772 0.3559177696704865 0.4356678783893585 0.48683285117149355 0.5661687105894089 0.37275164723396303 0.42659153342247014 0.6984966635704041 0.4222434163093567 0.81029671728611 0.4384091794490814 0.7150770455598832 0.5551799327135086 0.4755966484546661
0.18495148420333862 0.44175405204296114 0.25144820213317876 0.5141283869743347 0.3015611886978149 0.4479999303817749 0.3076987147331238 0.5190757513046265 0.40954716801643376 0.3110300183296204 0.549998477101326 0.422662404179573
0.3572671115398407 0.6342488706111908 0.4464833259582519 0.44066942930221553 0.5904589742422104 0.4473228573799133 0.5488978832960129 0.6050976127386093 0.5083320051431656
0.17821527719497676 0.39997979402542116 0.46099771261215206 0.5337397515773773 0.40615596771240237 0.5333509922027588 0.49590048789978025 0.48915848731994627 0.5580026149749756 0.5416291803121567 0.4289202213287353 0.5577089250087738 0.6286167860031128 0.28514035344123845 0.505075854063034 0.6496527314186096 0.5482249021530151 0.529151338338852 0.463316285610199 0.5469239234924317 0.3438690662384033
0.7199318259954453 0.4191570520401001 0.4473302006721497 0.6044682085514068 0.5529548019170761 0.5920272260904312 0.5697208106517792 0.5972253501415252 0.5979263037443161 0.487440574169159 0.7316753108054399 0.6134544849395752 0.623177170753479 0.6626375108957291 0.5162551283836365 0.5489442944526672
0.32917492985725405 0.4671320617198944 0.46341058015823366 0.6396944850683213 0.6673979222774505 0.5684711128473282 0.5579083919525146 0.49741753935813904 0.6793222934007644 0.5417588531970978 0.4946154177188873
0.23936618566513057 0.5797119766473771 0.4215628743171692 0.5089220702648163 0.5508407711982727 0.682593634724617 0.6059712648391724 0.7068009823560715 0.5135467290878296 0.506922048330307 0.4887133657932281 0.4927701383829117 0.4300640463829041
0.3664278566837311 0.48111755847930904 0.5993203759193421
0.3889392435550689 0.8905496001243591 0.3319987952709198 0.6711617141962052
0.40470163822174077 0.5508610427379608 0.30637062191963194 0.55396688580513 0.1628739833831787 0.2933730483055115 0.5385016411542892 0.5700967162847519 0.6994035124778748 0.48274210691452024
0.3778038442134857 0.47659454345703123 0.4676628649234772 0.40436917543411255 0.6716251373291016 0.3123187184333801 0.6738028079271317 0.315409517288208 0.6584456890821457 0.6293017089366912 0.5299191743135452 0.562607491016388 0.5191472411155701
0.47009007334709163 0.3193007290363312 0.559883551299572 0.9031928658485413 0.3962221503257751 0.41652438044548035 0.5443692862987518 0.4856207281351089 0.4826848924160003 0.645666241645813 0.5418835945427418 0.5369951248168945 0.6425919651985168 0.6203658625483512 0.6218489319086075 0.48506322503089905 0.47318568229675295 0.6626060843467713 0.6494525641202926 0.4962213814258576 0.5512478947639465 0.42537792921066286 0.5075152814388275
0.3220888793468475 0.525620412826538 0.3668382346630097 0.4149295687675476 0.5546502590179443 0.4935670137405396 0.42471597790718074 0.47149163484573364 0.6692086517810821 0.49884014129638676 0.6003437012434005 0.6660876870155334 0.5655140936374664 0.5071603536605835
0.44339929223060603 0.44526067972183225 0.4898499816656112 0.34907411932945254 0.44575205594301226 0.506166061758995 0.5382148087024688 0.5246098816394806 0.4472706615924835 0.6013755679130555 0.48721970915794377 0.6906643748283386 0.4998547106981277 0.475501149892807 0.5507332742214203 0.5945225983858109
0.39109127521514897 0.6197635054588317 0.44952234625816345 0.4801095604896546 0.5773438841104508 0.40569925904273985 0.4785374253988266 0.5181987166404725 0.6165495216846466 0.5791205704212189 0.44183225035667417 0.44649907350540163 0.5335640907287598 0.4293290480971337
0.4832733333110809 0.513116079568863 0.36446088552474976 0.4085544943809509 0.5403577268123627 0.6494779944419861 0.357138067483902 0.47176336050033574 0.3178272008895874 0.4873988270759583 0.4261924684047699 0.4700604140758514 0.5360074698925018
0.44812784194946287 0.5517501652240753 0.5334827184677124
0.3378371953964233 0.5386221468448639 0.4699295282363891 0.6056118130683898 0.5501485764980316 0.662884159386158 0.5194939047098159 0.6302538358373567 0.5662607412785292 0.7037328511476517 0.6877055853605271 0.6486005246639251 0.5591698110103607 0.6922858864068985 0.707303740689531 0.5456848949193954 0.45641663968563084 0.5181677788496017
0.15209815502166746 0.24483934044837952 0.6530040383338929 0.2905550241470337 0.148858904838562 0.16159060001373293 0.3997116148471832 0.5051911234855652 0.49352838397026066 0.40017007589340214
0.5094598054885864 0.5575307190418244 0.3015524268150329 0.30091596245765684 0.5671270489692688 0.5949450522661209 0.5626389980316162 0.7119596928358078 0.5837494671344757 0.6101865291595459 0.49289600849151616
0.44972929954528806 0.4503774881362915 0.572511637210846 0.48404216170310976 0.5090900361537933 0.37609080672264095 0.5856516659259796 0.5429315686225891 0.6883183181285858 0.593580013513565 0.4700024247169494
0.3218725919723511 0.29373575448989864 0.3593904793262481 0.46956570148468013 0.3356413781642914 0.5355287313461303 0.49898571372032163 0.5998638868331909 0.6653261363506318 0.48597360253334043 0.4143083572387696 0.4620405256748199 0.549511194229126 0.4136561393737793
0.45315884947776797 0.4305047929286957 0.45400813817977903 0.46080446243286133 0.48633326888084416
0.3591876149177551 0.423098623752594 0.5387239992618561 0.5693266838788986 0.7116299748420716 0.5404374718666076 0.4164667367935181 0.7139528572559357 0.665092620253563 0.47673311829566956 0.37412713766098027 0.4505861461162567 0.40438557267189024 0.40222978591918945 0.6029254496097565 0.5857816994190216 0.4227759122848511 0.3778270840644836 0.5088261485099792 0.5474738031625748
0.35320547223091125 0.49675112366676333 0.40849927067756653 0.5463569581508636 0.5579983800649643 0.4957376897335053 0.5522792756557464 0.5359247624874115 0.5661034464836121 0.5253700256347656 0.5621630772948265
0.38352653980255125 0.3928688108921051 0.5332242041826248 0.5717692971229553 0.4873527079820633 0.5121359884738922 0.6179128021001816 0.5470033138990402 0.5067246317863464 0.5452496498823166 0.5205706238746644 0.5848741471767426 0.48743831515312197
0.5594629406929016 0.5137750089168549 0.4056484758853912 0.5924400717020035 0.43735549598932266
0.24325922727584837 0.3933399975299835 0.44740606546401973 0.715432608127594 0.4843227803707123 0.5617402702569961 0.510696855187416 0.5443987429141999 0.7170267105102539 0.529835757613182 0.5604769378900528 0.5804053753614425 0.5817043036222458
0.1419607281684876 0.5172931432724 0.3337966084480286 0.52543875426054 0.6199682001024485 0.46402606964111326 0.5624925762414932 0.4768966376781464 0.535959592461586 0.5015282034873962 0.5149948358535766 0.6831836193799973 0.4602820634841919 0.3243344783782959 0.5131241381168365
0.30244536399841304 0.535691887140274 0.5510177791118622 0.612471142411232 0.492776358127594 0.48427807688713076 0.45985769629478457 0.550484013557434 0.4915491163730621 0.5317111849784851 0.526089483499527 0.46794680953025813 0.5005425989627839
0.37124965786933894 0.4683049142360687 0.4347710609436035 0.6174112379550933 0.3409493446350098 0.3493678748607636 0.4874247491359711 0.6172627031803131 0.38378443717956545 0.43523447513580327 0.4019119381904602
0.4384099006652832 0.390174674987793 0.470566987991333 0.40811163783073423 0.5220293223857879 0.398266327381134 0.682553094625473 0.41431414484977724 0.4155796766281128 0.43358160257339473 0.3675820648670196 0.37416719198226933 0.6517205655574798 0.5234686702489852 0.41937728524208073 0.6674205958843231 0.6151399880647659 0.4710746169090271 0.4690851867198944 0.586165514588356 0.6085414290428162
0.4512392818927765 0.5265269815921784 0.4234450101852417 0.49682669639587407 0.42276502847671504 0.4567868888378144 0.5357854783535003 0.5231795012950897 0.5636195182800293
0.08850853443145756 0.28439285755157473 0.4520920932292938 0.38248196244239807 0.41770005226135254 0.4095123469829559 0.6501793026924133 0.4803924441337586 0.5226799964904785 0.4032500147819519 0.6720160186290741 0.44948526024818425 0.4506085336208343 0.6480661869049072 0.39715132117271423 0.6528888285160065 0.45188218355178833 0.6451068341732025 0.518144404888153 0.14899004697799678 0.5751171290874482
0.4616862297058105 0.4332428514957428 0.3522611916065216 0.5432857871055603 0.6294991254806519 0.4970005214214325 0.39447401165962215 0.5974388003349305 0.4700881719589234 0.6235705927014351 0.5206328511238099 0.4704267084598541 0.632129967212677 0.5595847845077515 0.5920897364616394 0.5406735956668853 0.663461722433567 0.5795790404081345
0.471378481388092 0.7634075446054339 0.3617150545120239 0.5423548579216003 0.5773597747087479 0.6400424927473068
0.2962633967399597 0.30252516865730283 0.37660253047943115 0.2064826369285584 0.44761025309562685 0.6418351411819458 0.18477194309234624 0.3671493768692017 0.6425725400447846 0.41136516928672795 0.4597192645072937 0.6601101458072662 0.6048409312963485 0.37215360403060915 0.4055267035961151 0.6452791750431061 0.2723220765590668 0.639288067817688 0.46228653788566587 0.3374497890472412 0.468581086397171
0.2688472867012024 0.3516478896141052 0.37312960624694824 0.4704937398433685 0.49204474687576294 0.4809002935886383 0.6511721789836884 0.5320927441120148 0.6547602355480194 0.5911414295434951 0.6138534158468246
0.2670213103294372 0.4407588422298432 0.4140810608863831 0.39878053069114683 0.5252272069454194 0.6668323695659637 0.4213667273521423 0.4541279256343842 0.6698481619358063 0.5024308860301971 0.6666851699352264 0.4482484221458435 0.5094397366046906
0.3814331471920014 0.5707456231117248 0.47670373916625974 0.5585357487201691 0.49878915548324587 0.5137702047824859 0.5458918392658234 0.4362537086009979 0.48815911412239077 0.4471592724323272 0.4804899215698242 0.5681252956390381 0.5352414011955261 0.5242558658123017 0.34590681791305544 0.600173968076706 0.5227843880653381 0.5001241743564606 0.48503568172454836 0.45347805023193355 0.5190275132656097
0.38945543169975283 0.3996372282505035 0.6622001588344574 0.7428067624568939 0.5582776546478272 0.6773640841245652 0.5277561366558075 0.6091816514730454 0.8701995573937893
0.18950361013412476 0.4596826732158661 0.5666053563356399 0.4160647034645081 0.523642075061798 0.5026663810014724 0.59051294028759 0.8265683770179748
0.29386664032936094 0.26322276592254634 0.21193546056747437 0.6168257594108582 0.2807060599327087 0.36877081394195554 0.24887471795082095 0.42131947278976445 0.6192229568958283 0.35080983042716984 0.6860103324055672 0.40846847295761113 0.50478435754776 0.6442047953605652 0.44691587090492246 0.5574102997779846 0.29636249542236326 0.6375851213932038 0.6171780109405518 0.44609144926071165 0.4504392981529236 0.5368694722652435 0.5057121098041535
0.4578290700912475 0.43341286778450017 0.44595195651054387 0.4511819243431091 0.4460651040077209 0.4979146540164947 0.7164663210511207 0.5673046886920929 0.509709483385086
0.36350708007812504 0.42538174986839294 0.5190485656261444 0.5480577111244201 0.4114104628562927
0.39862236976623533 0.7364265389740468 0.6014040350914002 0.40718169212341304 0.5182375609874725 0.47112957239151 0.47103753685951233 0.6806617677211761 0.5715328872203826 0.6937726229429245 0.5272066771984101 0.5800404846668243 0.3990072548389435 0.4985007524490357 0.3676643550395966 0.49776321053504946 0.5151115894317627 0.48058612346649165 0.5721125602722168
0.5099160134792328 0.4412390053272247 0.6485873878002166 0.4432292222976685 0.5277990758419037 0.5960744678974151
0.29420877695083614 0.5087814509868622 0.536563777923584 0.4415237963199615 0.6703242242336274 0.5356346726417541 0.7097279846668243 0.5464148819446564 0.5031689941883087 0.5207399249076843
0.489310622215271 0.4419848799705506 0.35645880699157717 0.48228751718997953 0.3614970803260803 0.4796520054340363 0.7150694213807582 0.5135057628154754 0.5258535802364349 0.5687818199396133 0.6455508276820183 0.5259042203426361 0.6681829273700715 0.5251071333885193 0.519938325881958 0.538588947057724 0.5834766805171967 0.446881753206253
0.30065653324127195 0.34707776904106136 0.4690957129001617 0.3600715160369873
0.38481736183166504 0.5139136672019958 0.37328470349311826 0.4841846406459809 0.5191560745239258 0.4350588858127594 0.4991193532943725 0.6092483252286911 0.4480185806751251 0.503570681810379 0.5150249242782593 0.37876606583595274 0.604145559668541 0.5722307384014129 0.6923522770404815 0.6747764668427407 0.6618756040930748 0.4055060088634491 0.4837055325508117
0.3092004358768463 0.539468738436699 0.5587781637907028 0.6746406376361846 0.38760091662406926 0.4655498921871185 0.4287595331668854 0.3127586841583252 0.3971629083156586 0.38953582048416135 0.6326158493757248 0.679198271036148 0.43930438756942747 0.4280424118041992 0.4076510429382324 0.5641414850950242 0.5013610243797302 0.45374595522880556 0.5443156838417054 0.47618120312690737 0.6708171665668488 0.411512303352356 0.5620508432388306 0.5076221525669098
0.3330402851104737 0.42451140880584715 0.5712882876396179 0.38596131801605227 0.5041578471660614 0.5039011657238006 0.3642761051654816 0.5474713295698166 0.5821274578571319 0.567380690574646 0.4116837322711945 0.4006132364273072 0.5303340673446655 0.4131978750228882 0.520462554693222 0.5106585681438446 0.6587693929672241 0.5943720787763596 0.5607269048690796 0.5100100219249726 0.5301505625247955 0.5158415079116822
0.38703217506408694 0.5215317964553833 0.48065611720085144 0.4832430303096771 0.6228094518184661 0.33267921209335327 0.509950977563858 0.4402076303958893 0.4852391064167023 0.5090357899665833 0.4016127467155457 0.4772656947374344 0.5157871186733246 0.6185344278812408 0.5134236872196197 0.568598461151123 0.48381515145301823 0.5562026172876358 0.4837663471698761 0.5492283761501312
0.2961961627006531 0.3511973977088928 0.4418363451957703 0.39517927169799805 0.3886493027210236 0.6463553428649902 0.4518688976764679 0.392697811126709 0.3798879265785218 0.4508780002593994 0.4385526359081269 0.4340794324874878 0.3978750288486481 0.4571069955825806 0.5639431476593018 0.560695618391037 0.6026218712329865 0.5305347442626953 0.6024065852165222 0.4320129990577698 0.4886911153793335
0.39765881896018984 0.4664466500282287 0.48966479301452637 0.5616736680269241 0.5788604259490967 0.6889600872993469 0.6180594325065613 0.5876580446958541 0.4681745350360871
0.20161275863647465 0.6213343691080808 0.3417661368846894 0.5514621257781982 0.604684692621231
0.3384026169776917 0.5702382639050484 0.46321648359298706 0.6806298449635506 0.52420614361763 0.4373495578765869 0.6239974945783615 0.43234052658081057 0.6188623815774917 0.5727737545967102 0.6133199959993363 0.5597663819789886 0.5445459425449372 0.5303523600101471 0.5817497223615646 0.45177029967308047 0.6067677140235901 0.35307225584983826 0.5131156623363495 0.6248080015182496 0.5164227366447449 0.39225981831550594
0.3117351531982422 0.5328860193490982 0.35780662298202515 0.4732135832309723 0.6544531285762787 0.47370645999908445 0.49297052025794985 0.5412312328815461 0.6730300098657608 0.4299186110496521 0.5332660287618637 0.525695288181305 0.6553952932357788 0.49941926002502446 0.555577027797699 0.48583015203475954 0.6657595992088318 0.4605590879917145 0.5811145216226578 0.4639650464057923 0.48276449441909786
0.5025636076927185 0.3878334999084473 0.45358378291130064 0.5422129511833191 0.5657636970281601
0.4446855843067169 0.37096025943756106 0.48394631743431094 0.6516622304916382 0.4015194416046143 0.47572025656700134 0.39092698097229006 0.5416833579540252 0.3854888677597046 0.5146416783332824 0.7617374449968338 0.37366986870765684 0.4582902371883393 0.577312457561493 0.5317376017570495 0.4726685881614685 0.6495918512344361 0.46037600636482234 0.525158417224884
0.335047435760498 0.48355126976966856 0.5082220375537873 0.5427878350019455 0.5727830857038498 0.5041268408298493 0.45491852760314944
0.2981451272964477 0.3907733023166656 0.365634948015213 0.33037524819374087 0.391957300901413 0.555339002609253 0.3254985690116883 0.3428910970687866 0.322652792930603 0.2460554957389831 0.2747578263282776 0.41914180517196653 0.3534079730510712 0.3847068071365356 0.39235622882843013 0.5556036531925201 0.4369507670402527 0.3852834522724151 0.3719542920589447 0.37452621459960933
0.31512162685394285 0.5545152813196182 0.40935074090957646 0.3359268188476563 0.5714240461587906 0.28541773557662964 0.3258729219436646 0.6352149724960328 0.3807288646697998 0.44825668334960933 0.3822159051895142 0.6316195011138916 0.43389414548873906 0.42634044289588924 0.6578504025936127 0.4903321206569672 0.3814889430999756 0.48980759978294375 0.5064681589603424
0.2480346202850342 0.4239926278591156 0.44187964200973506 0.518402487039566 0.5051262199878692 0.616708442568779 0.45773711800575256 0.42730726599693303
0.35531476736068723 0.37398757934570315 0.33057498931884766 0.44527988433837895 0.10882438421249385 0.4278523325920105 0.5249335944652558 0.36780943870544436 0.4242412507534027 0.44790557622909544 0.46452876329422 0.5297972679138183
0.3141278862953186 0.6071934819221496 0.20912654399871822 0.44070206284523006 0.21705998182296748 0.4558577954769134 0.44121357798576355 0.509172397851944 0.6126251876354217 0.29373377561569214 0.34682785868644717 0.6099616467952729 0.4051921904087067 0.44346053600311275 0.6370208323001861 0.44224840998649595 0.4284740388393402 0.3654276430606842 0.5343041777610779
0.346876323223114 0.36223801374435427 0.49542902708053593 0.5102209389209748 0.5420810163021088 0.4969167530536651
0.22870471477508547 0.3488860905170441 0.4997279226779938 0.6412218470126391 0.5770671486854553 0.5208165645599365 0.4843693315982819 0.5516099601984024 0.40013914704322817
0.21584602594375613 0.27832850217819216 0.5873280614614487 0.34752134084701536 0.3592990040779114 0.2821610808372498 0.5124940931797027 0.38883937597274776 0.4715278685092926 0.6544111788272857 0.5256683051586151 0.44197146296501155 0.6529840350151062 0.5389562368392944 0.6705376744270325 0.40832515954971316 0.46808242201805117 0.5300225794315339 0.5708233147859574
0.3689104557037354 0.8293312311172485 0.38067517876625057 0.2515432834625244 0.5596888989210129 0.5281481385231018 0.48352266252040865
0.3729909479618072 0.4113893210887909 0.5381960153579712 0.4699409753084183
0.37655209302902226 0.38358729481697085 0.4698737978935241 0.32481569051742554 0.44581499695777893 0.3860926926136017 0.5612209856510162 0.39706373810768125 0.46181839108467104 0.2917490005493164 0.43212057352066036 0.6206760823726654 0.4814664840698242 0.48623713850975037 0.3885555744171143 0.49290808439254763 0.5875392407178879
0.1648735165596008 0.571447342634201 0.49489391446113584 0.37747780084609983 0.5142866790294647 0.6537947580218315
0.38719519376754763 0.44931278228759763 0.3798786044120789 0.4585301026701927 0.5163882702589035 0.3683638870716095 0.4000586926937103 0.514425179362297 0.39268926382064817 0.49540924429893496 0.4324722528457642 0.639944103360176 0.617490915954113 0.5079436004161835 0.42057783007621763 0.4506511926651001 0.5296410977840423
0.37794072628021236 0.5300801455974579 0.4665251195430755 0.42952108979225156 0.4862642526626587 0.47118446230888367 0.5139687597751618 0.609600493311882 0.6569966673851013 0.5407837092876434 0.3887815237045288
0.4009802401065826 0.548026567697525 0.5178427964448928 0.49998792409896853 0.482444041967392
0.2871828317642212 0.41623938679695127 0.4972254872322083 0.48337404727935795 0.4646625369787216
0.42808520793914795 0.34091629385948186 0.431083619594574 0.4725875675678253 0.4761437714099884 0.48028374314308164 0.5241780281066895 0.5662969052791595 0.3891641438007355 0.52927924990654 0.5892811179161072 0.6444937467575074 0.42320089340209965 0.5157388746738434 0.481271892786026 0.6910285472869873 0.5153652310371399 0.47250556349754336 0.43947566151618955
0.33002059459686284 0.34683125615119936 0.34715715348720555 0.25117875337600704 0.6446743547916413 0.5525954216718674 0.3808880090713501 0.7094749823212624 0.399083411693573 0.37315558791160586 0.4283574283123016 0.6465693414211273 0.47688208818435673 0.49501773715019226 0.527021837234497
0.47705597877502437 0.6017321169376373 0.6723152101039886 0.6623922765254975 0.5215443670749664 0.5257445871829987 0.6050593972206115
0.4748063325881958 0.5404246866703033 0.5418115556240082 0.5192163169384003 0.6377451717853546 0.6640077054500579 0.49609099030494686 0.5029710114002228 0.45110656619071965 0.5219107300043107 0.462211674451828 0.5742116212844849 0.48564693331718445 0.44939408302307127
0.34907278418540955 0.3555773138999939 0.47804052829742427 0.46560456156730656 0.6322876244783402
0.3032041668891907 0.48467934131622314 0.4958160161972046 0.4976906716823578 0.47608132958412175 0.5258220076560974
0.4006873190402984 0.3842132329940796 0.4544468402862549 0.5088703632354736 0.3220996022224426 0.7069483965635299 0.5631002247333526 0.5332400977611542 0.5403654217720032 0.5070488333702088
0.38858029842376707 0.5323073267936707 0.5079853534698486 0.888543003052473 0.59183369576931 0.6191842511296273 0.5246578395366669 0.49647819995880127 0.48643010258674624 0.4963928043842316 0.4696450173854828 0.5760610520839691 0.5822265565395355 0.45129183530807493
0.1352273464202881 0.27021834850311277
0.38984313011169436 0.27502622008323674 0.4357209801673889 0.38518040180206303 0.49600856304168706 0.28057813048362734 0.5153047025203705 0.42547745704650874 0.5481234073638916 0.4456700623035431 0.5962917268276214 0.5630950033664703 0.48360127210617065 0.5438492178916932 0.4842979192733765 0.5120595574378968 0.48420426845550535
0.31184605360031126 0.4821247696876526 0.27932583093643193 0.5799951404333115 0.5195311963558197 0.520126485824585 0.4863278329372406 0.3323980212211609 0.45309386849403377 0.5703797459602356 0.6680475309491157 0.42351345419883724 0.5674546480178833 0.4459606379270553 0.359518039226532 0.417135339975357 0.5407648503780365
0.3148012280464172 0.33642399311065674 0.5036354482173919 0.40792347788810734 0.5349140882492065 0.4493939399719238 0.6072294354438782 0.6262157082557678 0.4051520705223084 0.6054222345352173 0.608303827047348 0.40352702140808105 0.4358450889587402 0.450247460603714 0.6248773574829102 0.5500798523426056 0.38327998518943784 0.5298246681690216 0.4881420969963074 0.4150425016880035
0.44161405563354494 0.424230021238327 0.4081036448478699 0.5608611017465591 0.3704543948173523 0.5596011012792588 0.3879508912563324 0.5040425002574921 0.6273029506206512 0.4702990114688873 0.6261108189821243 0.35666702985763554 0.7148119635879994 0.4199829697608948 0.5824621945619584 0.6351928770542145 0.5471976935863495 0.5336430549621582 0.5340920686721802 0.5204334616661072 0.4294898688793183 0.5690963506698609 0.49225155711174007
0.4498336911201477 0.5085552752017974 1.088876668177545 0.43774843215942383 0.42703327536582947 0.6857505530118942 0.5461533963680267 0.3653934508562088 0.6889774590730667 0.5613726317882538 0.5584598183631897 0.5431193113327026
0.394424843788147 0.520422299951315 0.2318614244461059 0.30776293277740474 0.24316740036010742 0.5695748865604401 0.21020588874816892 0.23397227525711062 0.6802757620811463 0.5919471308588982 0.4963835537433624 0.6856954574584961 0.43621838092803955 0.5844371438026428
0.366402930021286 0.49372339248657227 0.5523738503456116 0.44206202030181885 0.45069873332977295 0.6543803751468659 0.4661488592624664 0.5636978447437286 0.4570563614368439 0.5624732255935669 0.6597737908363343 0.5259423553943634 0.5184688866138458 0.5726313620805741 0.46114985346794124
0.4566142678260803 0.38879622817039494 0.38194049596786495 0.49030656218528745 0.610784649848938 0.3224904060363769 0.5086671650409699 0.6240744173526764 0.33151137828826904 0.6020561099052429 0.4724464476108551
0.3239956617355346 0.35347274541854856 0.4922370076179504 0.41184144616127016 0.6196857392787933 0.5683055520057678 0.5824039191007614 0.5249477863311768 0.5965741157531739 0.6193506598472596 0.4388278245925903 0.622372955083847 0.5355118453502655 0.6075335830450058 0.6199675619602203 0.47074816226959226 0.5454042673110961 0.6944516122341156 0.6428996443748474 0.5265036046504974 0.4648892760276795
0.35356500148773196 0.49003256559371944 0.4426848471164704 0.43250221014022827 0.5086213171482086 0.5527286410331727 0.5574733674526214 0.6130408570170403
0.4225880324840545 0.40155637860298155 0.7681031172163785 0.4515572011470794 0.49157235622406004 0.4933955132961273
0.3142986118793487 0.36221929192543034 0.5061158418655396 0.5559436082839966
0.35942105054855344 0.5328858762979507 0.328494381904602 0.4217291355133057 0.46946095228195195 0.1695411920547485 0.33490334749221806 0.3735579788684845 0.48858459591865544 0.6136708199977875 0.27797554731369023 0.44873196482658384 0.5323445498943329 0.7110969841480255 0.49395627379417417 0.48494463562965395 0.5828842878341675 0.29059910774230957 0.5146111607551574 0.4484050095081329 0.6078031122684479 0.43345926403999324 0.42114070653915403
0.1936971187591553 0.45745888352394104 0.6261569388210774 0.4586093485355377 0.5481087863445282 0.4580322206020355 0.6658259987831116 0.5719989895820617 0.5695229023694992 0.6515267550945282 0.570806223154068 0.5370048105716705
0.18378944993019108 0.4410329759120941 0.5792451590299607 0.2916374027729034 0.5305810689926147 0.5363974392414093
0.10295631885528567 0.24639567136764529 0.278502756357193 0.5249208033084869 0.6254448249936104
0.2940931558609009 0.4690856099128723 0.4074396371841431 0.1304318189620972 0.5134637296199799 0.5845139175653458 0.29720627665519717 0.37655090093612675 0.37257583737373356 0.44399939179420467 0.6290393054485321 0.2915467917919159 0.38902210593223574 0.35608847141265865 0.5644798189401626 0.6548510611057281 0.4973885834217071 0.40875326395034794 0.5718234032392502 0.5379016280174256
0.3114620089530945 0.41314243078231816 0.6795956432819367 0.6751924216747284 0.5952654361724854
0.2829083800315857 0.5328218102455139 0.4311458468437195 0.6247717754915356 0.6075996905565262 0.7164829850196839 0.7001080706715583 0.7185769528150558 0.6736203536391259 0.7203516691923142 0.5366335570812225 0.5142834216356278
0.45421819686889653 0.6277228623628617 0.6838562611490488 0.36657075285911556 0.5557255685329437 0.4144347190856934 0.37142276763916016 0.36448073387145996 0.4696566820144653 0.44321148395538335 0.5163628429174423 0.41396450996398926 0.5199942588806152 0.6748761266469956 0.38689275085926056 0.5100091755390167
0.2999704718589783 0.30732125639915464 0.41682061553001404 0.5181941241025925 0.3940627753734589 0.5058210968971253 0.534111624956131 0.48977589011192324
0.4213335871696472 0.36736049056053166 0.3697225749492645 0.5010007202625275 0.5030270934104919 0.4613289773464203 0.4648137629032135 0.43640301823616023 0.5183739542961121 0.5764209240674972 0.45810679793357845 0.5111952245235443 0.6104678556323051 0.4369908154010773 0.5107867598533631 0.5605935543775559 0.5537312626838684 0.4734850227832794 0.5292251408100128 0.6462398454546928 0.4617169618606567 0.524213844537735 0.48522759079933164 0.49199035167694094 0.5019023418426514 0.5307536989450454
0.4726045191287994 0.5440778613090516 0.3051303863525391 0.6516027510166168 0.432523250579834 0.5976592451334 0.4534762740135193 0.38360579609870915 0.43506432771682735 0.4187466919422149 0.6488022565841675 0.45750952959060665 0.5143106162548066 0.4670453369617462
0.37052291035652163 0.6212624728679657 0.5224541842937469 0.42553820013999943
0.434517914056778 0.3990519106388092 0.5546186894178391 0.508491849899292 0.6902912259101868 0.5564515262842178 0.5289862632751465 0.6941097557544709 0.6509239733219147 0.6914276957511902 0.5186225146055221 0.4796284914016724 0.6589707031846046
0.34560840725898745 0.43737053871154785 0.5699320077896118 0.2120671987533569 0.465756219625473 0.32665680646896367 0.2775059103965759 0.46512771844863887 0.6352734625339508 0.38748746514320376 0.630116593837738 1.0625519067049027 0.559779804944992 0.6573167741298676 0.43420712947845463 0.4747498452663421 0.6273307144641876 0.4631538391113281 0.6299551963806153 0.5041275501251221 0.6284205615520477 0.4241867959499359 0.4550582349300385 0.4750827938318253 0.47025634646415715
0.34376304745674136 0.3809906423091889 0.31993217468261714 0.43033817410469055 0.4622342705726623 0.5084356904029846
0.37893522977828975 0.4276734113693237 0.42845312952995296 0.34032148122787476 0.48116093277931216 0.54594566822052 0.5685125678777695
0.3268824696540833 0.46153995394706726 0.5383111566305161 0.4330974280834198 0.3073909759521485 0.41992999315261836 0.34289680719375615 0.46946237087249754 0.6468423426151275 0.44503605365753174 0.33871227502822876 0.3223143339157104 0.4292265474796295 0.5159051477909088
0.20679631233215334 0.4922179996967315 0.4092475473880768 0.43105932474136355 0.5163985073566437 0.48529645353555684 0.38230156898498535 0.4032824277877808 0.6447312831878662 0.5003374099731446 0.6793537974357605 0.4140989303588867 0.5016287803649903
0.2784085273742676 0.5059024631977082 0.46981291770935063 0.40979233384132385 0.5771760553121567 0.710112863779068 0.43952716588973995 0.44402968883514404 0.48640594482421873 0.6528814807534218
0.19857548475265507 0.5031290888786316 0.49143263697624207 0.4892485439777374 0.4635530412197113 0.48359838128089905 0.47907445430755613 0.5313810557126999 0.6850431740283967 0.5731899946928024 0.4646917223930359
0.3851794242858887 0.45917645692825315 0.43915442824363704 0.39464084506034847 0.5205823481082916 0.33271642923355105 0.3145731568336487 0.5041034579277038 0.4460616379976272 0.651414942741394 0.39034059047698977 0.6360802292823792 0.5333141207695007 0.5338871598243713 0.4356520593166351
0.40686821937561035 0.4398835718631744 0.35599439144134526 0.33576985597610476 0.40552182793617253 0.3542284369468689 0.4835220217704773 0.4570057690143585 0.4027513444423676 0.548794275522232 0.6223903179168702 0.5881746560335159 0.5220859050750732 0.6200195491313935 0.6917115703225136 0.46415963768959045 0.4269367933273316 0.46038935482501986
0.47435592412948613 0.4196011900901795 0.5440334379673004 0.5533042162656784 0.5399960160255433 0.7005962133407593 0.447092741727829 0.5504368960857391 0.5804086178541183 0.636345237493515
0.3662843942642212 0.4272159278392792 0.2493160367012024 0.27512913942337036 0.32526230812072754 0.4027673006057739 0.5050799518823623 0.4321137309074402 0.4208434104919434 0.4550424158573151 0.4430476129055023 0.40071868598461147 0.4873441576957702 0.6452767074108123 0.4508703649044037 0.3460415244102478 0.5593210399150849
0.3700337767601013 0.490745609998703 0.5707272589206696 0.5920839488506318 0.5669167071580887 0.48946532309055324 0.7403162613511085 0.6269934415817261 0.4766114234924317 0.5690200686454773 0.4919677555561066 0.6332119822502136 0.673201647400856 0.6019733995199203 0.6305860877037048 0.5374078333377839 0.6313192486763001 0.4255632638931275 0.5549160540103912
0.37151693105697636 0.3657364428043366 0.5614650100469589 0.5769164830446243 0.713845643401146 0.5810122489929199 0.49939983487129214 0.6268424272537232 0.5830102980136871 0.6631447911262512 0.5814575105905533 0.6342637717723847 0.5745202094316483 0.4730577647686005
0.057196974754333496 0.38480598926544185 0.5798726618289948 0.362718665599823 0.43415267467498775 0.4782364010810852 0.4083584189414978
0.3268594622612 0.33819891214370723 0.5116828858852387 0.37420003414154057 0.31084878444671626
0.26066956520080564 0.47516981363296507 0.30859292745590206 0.3506926655769348 0.5702780306339263 0.47446667551994326 0.37106707096099856 0.44353017807006834 0.387823897600174 0.4696885347366333 0.5741520076990128 0.5324555814266205 0.5454614162445068 0.5778626769781112 0.48767125606536865
0.05526137351989746 0.36283500194549556 0.4744220316410065 0.4922494351863861 0.4936148345470428 0.5191028833389282
0.10325001478195195 0.28886473178863525 0.4615901708602905 0.2126370668411255 0.4106563746929168 0.6819224148988724 0.6027586936950684 0.5980528742074966 0.5628158628940583 0.5466629356145859
0.3374427258968353 0.4106772840023041 0.3483472466468811 0.22496142983436584 0.6962340295314788 0.4421388685703278 0.42710680365562437 0.5262440323829651 0.4175594329833985 0.5337063431739807 0.6956636667251587 0.503943407535553 0.5570102959871293 0.6542795121669769
0.4246199131011963 0.5111133694648743 0.28844524621963497 0.5338817834854126 0.4914959251880646 0.5459583073854446
0.34286863207817075 0.41948868036270137 0.3561485707759857 0.3781615138053894 0.30502923727035525 0.42109755277633665 0.3823464989662171 0.4968853294849396
0.2345592975616455 0.36872517466545107 0.4098739862442017 0.41839309930801394 0.6929750442504883 0.432442307472229 0.4782371759414673 0.3526908397674561 0.5492520362138749 0.6925716578960419 0.47125636339187627 0.7130849361419678 0.527170580625534 0.3981781125068664
0.43917124271392827 0.37150547504425047 0.6160145491361618 0.46055053472518925 0.503688782453537 0.5816018164157868 0.5256351053714752 0.5147876024246216 0.4065657734870911 0.5302693784236908 0.2563859105110169 0.7148556888103486 0.6825230065733194 0.4544703602790833 0.3351762056350708 0.38438981771469116 0.5139402866363525
0.4858810126781463 0.9151139914989471 0.8703925967216491 0.5111736178398132 0.4820176959037781 0.5035287976264954
0.48103336095809934 0.4488488018512726 0.5078380763530731 0.4247148334980011 0.4323435544967651 0.3040199756622315 0.5222746312618256 0.5902450978755951 0.4880434930324554 0.6092599123716355 0.4883550465106964 0.6096697151660919
0.5948306202888489 0.4824498355388641 0.527821671962738 0.7142602570354939 0.6470530420541764 0.6107972890138627 0.5581907063722611 0.4314391136169433
0.36086471080780025 0.5250859439373017 0.5623817592859268 0.6095626354217529 0.5182536005973816 0.4380594968795777
0.28034237027168274 0.37750512957572935 0.5148299783468246 0.4857016742229462 0.3988222122192383 0.5367393016815185 0.6147116690874099 0.4857074677944183 0.5106413304805756
0.3220975399017334 0.4845089018344879 0.45400729179382326 0.47211737036705015 0.09976317882537844 0.3600102007389069 0.48467234969139095 0.5504666328430176 0.4412556111812591 0.5697677850723266 0.6885745763778687 0.7716394690796733 0.6511812925338745 0.514538049697876 0.6083125859498978 0.5211620271205902 0.5224442958831788 0.5388998776674271
0.2329649865627289 0.4568200826644897 0.4342490196228027 0.551600706577301 0.5636475533246994
0.4470723271369934 0.391791307926178 0.46222699284553526 0.5692928463220597 0.4017641842365265 0.5320713460445404 0.6784248411655426 0.44218378067016606 0.5666520476341248 0.5246057152748108
0.31985002756118774 0.40543897747993474 0.5263652324676513 0.5012939095497131 0.5041427284479141
0.4271943211555481 0.46018578410148625 0.5272155106067657 0.6426837205886841
0.47379876971244816 0.5507053017616272 0.4934964418411255 0.5290826797485352 0.662685613334179 0.4759011507034302 0.5366019099950791 0.5153585910797119 0.532453465461731 0.4966339409351349 0.47301807403564455 0.4555973052978516 0.555609941482544 0.5591203063726425 0.6473055511713028 0.6025234758853912 0.5514798581600189 0.5603858888149261
0.29464931488037105 0.5106254428625107 0.5061916410923004 0.4874457210302353 0.5738506883382797 0.6220495283603669 0.5307704359292984 0.6123700618743897 0.5971840262413025 0.5649556696414948 0.5009686499834061 0.553560197353363
0.2660808444023133 0.5698817789554596 0.49674448072910304 0.5207102000713348
0.29940097332000737 0.5909959971904755 0.4072920918464661 0.32520198822021484 0.5233176559209823 0.5042126506567002 0.49203845858573914 0.24497058391571047 0.5194187521934509 0.6474961102008819 0.28849582672119145 0.27991991043090825 0.6422727763652801 0.41182534694671635 0.5011468589305877 0.6689730942249298 0.3889285922050476 0.37488234639167783 0.49694973826408384 0.46180765032768245 0.5844827741384506
0.35094276666641233 0.4992429554462433 0.5322385311126709 0.5361285388469696 0.6115101873874664 0.5407532632350922 0.6250366389751434
0.307461678981781 0.48259413838386533 0.5582091450691223 0.5237062036991119 0.5437947630882263 0.608017772436142 0.5740108102560043
0.3467098414897919 0.49886988699436186 0.4124086976051331 0.4064774930477142 0.4960948050022125 0.42999969124794 0.4633943438529968 0.6673005938529968 0.43711682558059695 0.46251185834407804 0.665446424484253 0.33499164581298824 0.47895437479019165 0.551704677939415 0.3683121979236603
0.39649232625961306 0.6012246996164322 0.46111099720001225 0.5537811994552613 0.5013848841190338
0.31734334826469424 0.5158992826938629 0.594485518336296 0.592585289478302 0.42534826993942265 0.4201093196868897
0.272611939907074 0.503186160326004 0.1017887711524963 0.4480977714061737 0.3016982913017273 0.48402132987976076 0.36113403439521785 0.40897293686866765 0.6352110981941224 0.2532433271408081 0.3682076454162597 0.6322279453277588 0.3210295915603638 0.31649329662323 0.4993078768253326 0.5621005654335022 0.5221337258815766
0.2918342530727387 0.5105229556560517 0.43660792112350466 0.37624738216400144 0.46809139251708987 0.6221901535987854 0.5837777137756348 0.4556182742118835 0.48844439983367915 0.45000808835029604 0.508012330532074 0.6534105211496353 0.37124633193016054 0.45562569499015804 0.6096777737140655 0.5851270824670791 0.49109488129615786 0.533555468916893 0.5305951297283172 0.49714546203613286
0.238888430595398 0.4757280945777893 0.5715629041194916 0.5361738860607147 0.580769059062004 0.49081623554229736 0.555605000257492 0.5279638588428497 0.49223792552948
0.4035408020019531 0.4012133240699768 0.5066526532173157 0.5302139908075333 0.5004070520401 0.6553339123725891 0.4681127965450287 0.532729634642601 0.5079349845647811 0.4744234442710876 0.5041664630174637 0.473734712600708
0.26896935105323794 0.18940775394439702 0.45038420557975767 0.36910899281501774 0.5411683738231658 0.3321535587310791 0.46686825156211853 0.488428583741188 0.3850565075874328 0.46320532560348515 0.5379080533981323 0.42491331696510315 0.4847993433475495 0.47879813909530644 0.6031561374664307 0.4642832458019257 0.35040595531463625 0.37463237643241887 0.5880521774291992 0.4911340832710266
0.38034653663635254 0.3394559621810913 0.39413638114929195 0.31280212402343754 0.6071670681238175 0.3848307013511658 0.39223961830139165 0.5823115319013595 0.5359181940555573 0.3789576172828675 0.45220793485641475 0.4575525462627411 0.6421929657459259 0.5568714410066604 0.4647079646587372 0.48671242594718933 0.5403361797332764 0.41340757012367246 0.5064332664012909
0.2226304769515991 0.5732719950377941 0.6266948759555817 0.5366147726774215 0.5606914520263672 0.5381007432937622 0.4662882208824157 0.5650883913040161 0.48812358677387235 0.5674403756856918 0.5842337161302567 0.47457559108734126 0.6074788361787796 0.4255538165569306 0.5055419623851776 0.6015354067087173 0.4962364256381988 0.3650262296199799
0.29733667373657224 0.4089381694793701 0.572670066356659 0.4973097503185272 0.5799953520298005 0.5209633469581604
0.42180514335632324 0.5402469009160995 0.38448037505149846 0.4610405921936035 0.47667344808578493 0.5260697096586228 0.6657074809074401 0.44078745543956754 0.583832523226738 0.4883438169956207 0.643989646434784
0.3770355701446533 0.366167938709259 0.3626314401626587 0.2998708724975586 0.37649657726287844 0.49239211678504946 0.48308805823326106 0.4824797093868256 0.6230909287929535 0.40640197396278377 0.6205065608024597 0.43620651960372925 0.6454518020153046 0.5616174370050431 0.5242588341236114 0.7114092528820037 0.5521866738796234 0.49916731715202334
0.3111552476882935 0.5408976405858994 0.44542086124420166 0.5356416732072831 0.4036793768405914 0.5063220202922821 0.41101999878883366 0.5298153400421143 0.5027363002300262 0.5498523473739624 0.5509684771299362 0.5896502315998078 0.6669026494026185 0.6452348202466964 0.4427339315414429
0.41023060083389284 0.49402647614479067 0.5351507067680359 0.4133118689060211
0.491574764251709 0.4245329618453979 0.4564754784107208 0.49090269207954407 0.4802855163812637 0.6531738340854645 0.5448735386133194 0.5326658546924591 0.5174769282341003 0.49112575054168706 0.6113194048404693 0.44951578974723816 0.45474511981010435 0.5455297827720642 0.6012454599142074 0.5575548738241196 0.5945881456136703 0.5551973104476928 0.6078402638435364
0.41898209452629087 0.5031837582588196 0.4732955157756805 0.4447886347770691 0.5583559155464173 0.5403048872947693
0.21151823997497554 0.6085016638040542 0.5922804445028305 0.3777925431728363 0.512122705578804 0.4224399149417877 0.6436744838953018 0.723428413271904 0.5106759428977966 0.5192371606826782 0.4958438515663147
0.37919529080390935 0.3130154311656952 0.48764907717704775 0.37474092841148376 0.556030347943306 0.3858860194683075 0.4973921060562134 0.5752475142478943 0.43728373050689695 0.44635455608367924 0.42270619869232173 0.4767603158950806 0.4025732815265656 0.5745883047580719 0.4809116661548615 0.5680261194705963 0.528579705953598 0.5364273130893707
0.3088682532310486 0.5407027691602707 0.5207896530628204 0.4799102425575257 0.5435011565685273 0.5725819140672683
0.38673714399337766 0.45071929693222046 0.4881103873252869 0.3981948375701905 0.669709226489067 0.4372273087501526 0.44842889308929446 0.690615001320839 0.4120147168636322 0.5117743492126465 0.5255165189504624
0.34482352733612065 0.513502299785614 0.3486582338809967 0.4918101727962494 0.3419999837875366 0.35023877024650574 0.7346292287111282 0.4879460155963897 0.6080847918987274 0.5020148515701294 0.5557199120521545 0.4508557498455048 0.6343291103839874 0.39090071916580205 0.48296982049942017 0.6018198430538177 0.49498729109764095 0.6042551815509796 0.3088468611240387 0.6002893805503845 0.48884792327880855 0.49241457581520076 0.5092791855335236
0.28138476610183716 0.4379058659076691 0.5369040137156844 0.4550181865692139 0.4873175978660583 0.4102428913116455 0.6694277584552765 0.678093221783638 0.494894552230835 0.462939465045929 0.5117054104804992 0.4949704110622406
0.47583397626876833 0.5354104936122894 0.6579020380973816 0.5626608937978744 0.4359012424945832 0.6610668569803237 0.5172892570495605 0.6586245387792588 0.4867312848567963 0.6788444727659225 0.49039188027381897 0.5457525610923767 0.46165127158164976 0.37467701435089107
0.2850038290023804 0.3722652032971382 0.6367769479751587 0.5035093784332275 0.44912624955177305 0.5057232081890106 0.6250527441501618 0.4276965171098709 0.578120481967926 0.5051189482212066 0.5248444497585296 0.49829937815666203 0.6324006378650665 0.45101367831230166 0.5643584728240967 0.49408135414123533 0.5341334521770478 0.5247174441814423 0.421275332570076 0.5513972163200378 0.5667964905500412 0.6085852295160293 0.4190093636512756 0.6463264390826226 0.5306288182735444 0.3565489232540131 0.5665744185447693
0.42214543819427486 0.5136247038841247 0.5061796247959137 0.49094810485839846 0.5031918108463287 0.5978760868310928
0.18170304298400874 0.39575428962707515 0.2732603490352631 0.3702709674835205 0.32921072840690613 0.5151969850063324 0.5515874326229095 0.38534795045852666 0.6466149091720581 0.43579763174057007 0.47223773002624514 0.5185491889715195
0.31274045705795284 0.42405681610107426 0.3919991910457611 0.5141409575939179 0.35282419919967656 0.46500482559204104 0.4052704513072968 0.5043185293674469 0.4605508208274841 0.2990749210119248 0.431698614358902 0.5012215852737427 0.46184565424919133 0.5125636696815491 0.4968417406082153 0.3023443579673767 0.4914071440696717 0.4968833506107331 0.4229774236679077
0.3942785620689392 0.4153325200080872 0.6055050909519195 0.5520174384117127 0.5628443956375122 0.47992485761642456 0.5662768483161926 0.6131944090127945 0.5760614097118377 0.6927526220679283
0.40746478438377376 0.38501449227333073 0.5173907488584518 0.5303831577301026 0.6681532666087151 0.687321412563324 0.5186542272567749 0.5217475652694702
0.41938640475273137 0.45465598106384275 0.5491864114999772 0.6631310880184174 0.4442364275455475 0.5555720865726471 0.5738448202610016 0.4313332319259644 0.5726857483386993 0.6657087504863739 0.5150018990039825 0.6621923863887786 0.4772122263908386 0.5268874228000641 0.5251053690910339 0.4874821066856384 0.5168983042240143 0.5776548743247986 0.48759702444076536
0.38077682852745054 0.4835595309734344 0.5656833946704865 0.47188618779182434 0.5377895936369896
0.41137068867683413 0.5411826431751251 0.5014371514320374 0.5097940921783447
0.4566260576248169 0.5513160645961761 0.26506663560867305 0.6554667055606842 0.5498989582061767 0.37560654282569883 0.6581503748893738 0.5044427812099457 0.5710801362991333 0.6555208027362823 0.46931587457656865 0.523209810256958 0.43705382347106936 0.654546570777893 0.3226877570152282 0.49074666500091557 0.45545186996459963
0.48787679672241213 0.6122808545827866 0.5029086410999298 0.5981652498245239 0.5999919474124908 0.6831559389829636 0.5364934206008911 0.6806773096323013 0.6123050093650818 0.5441402286291123 0.5066665023565292
0.25809246301651 0.4156356871128082 0.38867565989494324 0.48880822658538814 0.590145719051361 0.5819510906934738 0.4300189852714539 0.6458120286464691 0.3867540240287781 0.38359096050262453 0.6704867482185364 0.4790339052677155 0.47072796225547786
0.4516012787818908 0.6398129999637604 0.49367621541023254 0.49412006735801695 0.4503239631652832 0.6384542465209961 0.3917096674442291 0.5161343455314636 0.5779164254665374 0.5534900546073913 0.5290181934833527 0.43704923391342165 0.45733287930488586 0.6407906234264373 0.3687492609024048 0.42629545331001284 0.522878822684288 0.4383742988109589 0.5420038789510727 0.543256413936615 0.45659660100936894 0.5509369075298309
0.3632192432880401 0.49284613132476807 0.5549177467823029 0.6471769258379936 0.5469443380832673 0.7418909430503845 0.6947160616517067 0.7419571280479431 0.6243926882743835 0.7393620878458023 0.7240256078541278 0.6302231073379516 0.5950574249029159
0.28927899599075313 0.38695666193962097 0.5048571765422821 0.5220183789730072 0.5068073391914367
0.35010662078857424 0.46857331991195683 0.4759247362613678 0.63305504322052 0.38119347691535954 0.46208389401435856 0.7733646661043168 0.3264412403106689 0.45213524699211116 0.5494921863079071 0.45626096129417415 0.4061769485473633 0.6363566100597382 0.47991327643394466 0.45805805921554565 0.632262545824051 0.348143744468689 0.42551822066307066 0.6532780826091766 0.5582624673843384 0.5163780272006988 0.49711064696311946 0.47068960070610044
0.44623659849166875 0.5852547824382782 0.5454361200332641 0.6311627328395844 0.5302471220493317 0.5638755559921265 0.5252070769667625
0.31806112527847286 0.48073360323905945 0.414790290594101 0.5963596820831298 0.48740426301956175
0.4675819933414459 0.4699262857437134 0.3109406709671021 0.5123761400580407 0.506273502111435 0.5922470360994339 0.4259100139141083 0.5765013813972473 0.5359907388687134 0.5038609087467194 0.46121476292610164 0.5303678989410401 0.6474100165069103 0.9602100878953934 0.48867148756980894 0.5896565943956376 0.4503173857927323 0.46734784245491023 0.5340424120426178 0.5467238873243332 0.6465860158205032 0.41337205767631535
0.3443279683589935 0.28230078816413884 0.48151825666427617 0.6317955240607261 0.4325420320034027 0.4784243434667588 0.6964144855737686 0.45893369317054744 0.5677320182323455 0.45102851986885073 0.5108682811260223 0.5998878419399262 0.5036957025527954 0.6971143826842308 0.5516731083393097 0.597689688205719 0.4249368369579315 0.489314591884613 0.4964334845542908 0.48050588369369507 0.6051399171352386 0.6481003046035767 0.5967174947261811 0.5279136419296264 0.4285212874412536 0.5642429918050766
0.38012256622314455 0.35612901449203493 0.48552163243293767 0.5988740503787995 0.6368446826934815 0.5058203220367432 0.6681053787469864 0.5279948651790619 0.4822731018066406 0.6392337560653687 0.5917131930589676 0.5806314677000046 0.6377160787582398 0.5425093293190002 0.662244588136673 0.6107251048088074 0.49162766337394714 0.35099207758903506
0.4205819189548492 0.531133696436882 0.4657033801078796 0.5567493796348572 0.5221864104270935 0.520125287771225 0.6464754074811936 0.679372376203537 0.4760745525360107 0.5088751688599586 0.67559614777565 0.565865981578827 0.5065779268741608 0.7010147035121918 0.4193545460700989 0.6812615156173706 0.5663576513528824 0.46707287430763245 0.44221366643905635
0.29046032428741453 0.5103393793106079 0.5552567780017853 0.5098630309104919 0.5082801640033722 0.5024788498878479
0.3538603007793426 0.41177816390991206 0.5986657559871673 0.5756953239440918 0.40899010300636296
0.17464381456375122 0.37086060643196106 0.5684798747301102 0.7309998482465744 0.3434540331363678 0.5973750859498977 0.5106846332550049 0.5257105499505996 0.7273017466068268 0.5164356678724289 0.7213915884494781 0.5907150119543075 0.567358648777008
0.22911968231201174 0.28801651597023015 0.41933879256248474 0.5493401110172271 0.5979563981294632 0.5806582391262054 0.36369756460189817
0.2237415313720703 0.4892378807067871 0.42596468329429626 0.30721615552902226 0.307674503326416 0.5100349545478821 0.4852403700351715 0.4208333730697632 0.6061657875776291 0.5273364305496215 0.5420882225036621 0.5265949368476868 0.516509473323822 0.36564419269561765 0.5189019322395325 0.5028340578079223 0.5184963583946228
0.21743462085723875 0.48330836892127993 0.3844332575798035 0.4209175705909729 0.4740302324295044 0.5574458181858063 0.34817644357681277 0.5777637183666229 0.34258532524108887 0.5605868428945542 0.647899079322815 0.4102148532867431 0.45841264128685 0.48737819790840153 0.5632630974054337 0.6539558708667755 0.5579815745353699 0.6455034375190735 0.5402714073657989 0.5278021812438964
0.2750128746032715 0.3179313123226166 0.4130249619483948 0.5326871871948242 0.43602831363677974 0.6572999626398086
0.1871857404708862 0.2459885954856873 0.5173957765102386
0.4640894293785095 0.5344317376613616 0.5210044503211975 0.5554254531860352 0.5425890803337097 0.479513144493103 0.5237132757902145 0.5201797515153885 0.5156340539455414 0.5117061138153076 0.5200441956520081 0.6170083492994308 0.5694133460521698 0.65349740087986 0.5975463807582855 0.5629922270774841 0.5064892053604126 0.5744745105504989 0.6089691817760468 0.5680924534797669
0.43700380921363835 0.5276589453220367 0.5734606564044953 0.38937513232231136 0.47192686796188354 0.6124569416046143 0.4667685866355896 0.5185592234134674 0.49565836787223816 0.614298403263092 0.5060646414756775 0.6142156183719635 0.5588643312454223 0.5747586637735367 0.48457424044609065 0.6096009850502014 0.4456952750682831
0.37964763641357424 0.5057306170463562 0.6249552696943284 0.4963930130004883 0.4985076129436493
0.12785345315933228 0.4200358033180237 0.284145075082779 0.17839009761810298 0.4308881819248199 0.33032064437866215 0.37861208915710454 0.269904088973999 0.4199313342571258 0.46796305179595943 0.4958138287067413 0.45649058818817134 0.49079475998878475 0.45929815173149113 0.6353109002113342 0.44954552054405217 0.5956616193056107 0.5050832688808441 0.4575921058654785
0.18364154100418095 0.3932585656642914 0.4651882588863373 0.5565593838691711 0.5173360779881477
0.2478947639465332 0.45045257210731504 0.44516786336898806 0.5943084359169006 0.5635199964046478 0.5097835063934326
