0.6459084503352642
0.5460261911153793
0.721144725382328 0.748491682857275 0.731580026447773 0.6632686167955398 0.6897953853011132
0.33288382887840273
0.19995641708374023 0.6336807757616043
0.699209480691934
0.7486978560686112
0.6594844818115234
0.6842895209789276
0.6998463071882725 0.7539396971464157 0.7582925617694855 0.7835916686803103 0.7869216341525316 0.7308425527065993 0.7527505286037922 0.8405119873583317 0.884030019119382 0.7402018409222364
0.37302061915397644
0.6490325123071671 0.5055801004171372 0.6104616433382034 0.6775909557938575
0.761937546916306
0.7262985579669475
0.6844514779746532 0.5452503591775895 0.5861022293567657 0.5938991278409957 0.5395232737064362 0.5417790651321411 0.693918976932764 0.6919580057263375 0.48617251515388493 0.6171125322580338 0.6115153402090072 0.5061472058296204 0.6040046453475952
0.7122172847390175 0.7836331337690353 0.7012016713619232
0.6828711493872106
0.7198536351323128 0.6781899176537991 0.7634802266955376 0.8207441672682763 0.9309184826910496 0.7015869688242674 0.8021391019690782 0.9309184826910496 0.7015869688242674 0.7582350671291351 0.7465144693851471 0.6289743974804878 0.636013051867485 0.7256666824221611 0.6208553403615952 0.6406818516552448 0.8046168867498636
0.47690751273185017
0.8974326536059379
0.5801222801208497 0.6847696080803871
0.7099073223769665 0.8966446042060852 0.9528875559568405 0.758500786498189 0.8861891746520996 0.598154091835022 0.6219217516481876 0.6184542670845985 0.7774238362908363
0.7351704113185406 0.6062003970146179 0.969035254791379 0.8355227947235108 0.6162790760397912 0.9128984622657299
0.72428475394845 0.8379351743729785 0.7427256034687162 0.6900024771690368 0.6658616006374359 0.8474784575402736 0.7849627163261175
0.6988375306129455 0.7902821130119264 0.600655609369278
0.6450047008693218 0.6616055056452751 0.7514728605747223
0.6263672828674316 0.7361329913139343 0.6443937987089157 0.6852626204490662 0.7351906836032868 0.6414809923619031 0.6238309442996979 0.7144435435533524 0.7984556932002306 0.8523291393183172 0.6565436348319054
0.6511578440666199 0.9683107048273086 1.0431903690099715
0.6313946172595024
0.7915561087429523 0.5675038635730744 0.44587375596165657 0.5514698266983032 0.6138945236802101 0.5012372702360153 0.5687518030405044
0.6087902069091797
0.7485606871545315
0.6796486899256706 0.7301729567348957 0.5615525260567665 0.9157542005181313
0.3067131876945496 0.9535367401316762 0.9529180699959398 0.8279368795454503
0.7635595470666885 0.7896316584199667 0.751111650839448 0.7480314418673515 0.7971470169723034 0.7130806274712086
0.7962533757090569
0.7370216127485036 0.8428764022886753 0.7565175704658031 0.9873620979487896 0.8624736420810223
0.5306105978786946 0.8539688657969237
0.698472573235631 0.6603692233562469 0.6729598015546798 0.5875745624303818
0.4543963364325464 0.668447382748127
0.7810845032334328 0.9722488909959793
0.8091306498274207 0.5724397331476212 0.6474030956625938 0.6415891982614994 0.5401840448379517 0.7321101218461991 0.5729114145040513 0.651469399780035 0.715082910656929 0.662045681476593
0.6640205681324005 0.6907108530402184 0.7834773870185018
0.8537223599851131 0.8411760704591871 0.8122272435575724 0.7560666523873806 0.824979075230658
0.6896933227777481 0.7392409540712833 0.6283771976828575 0.7281580990180373 0.6863014837726951 0.5983565176371485 0.6780578374862671 0.5999348022043705 0.5860498180612922 0.6851229831576348 0.7073105953633785
0.7076567649841309 0.7162667088210583 0.5917088843882083 0.6844571980647742
0.8439241632819175 0.7747518181800842
0.7164535313844681 0.724898977484554 0.8230513053946197 0.79011619836092 0.6801886029541493 0.7432203825796023 0.905214861035347
0.9682484820485115 0.8037510782480239 1.106359462440014 0.7488613702356816
0.7014542534947396
0.28461011648178103 0.6493319898843766 0.6460651725530624 0.6654922604560852 0.6876623570919037 0.6986069157719612 0.7585616695869248 0.6659527868032455 0.6485912755131722
0.8518696039915085 0.8998138837516307 0.759799012541771 0.7193151339888573 0.759799012541771 0.6597784563899041 0.7854538949672133 0.6905426044017077 0.7442396819591522 0.759205062687397 0.7269622191786766
0.6584466822445393 0.7528446804732084
0.709805329144001 0.6537625506520272 0.6288930252194405 0.5656926393508911 0.6766022402793169 0.5856241852045059 0.617653289437294 0.5751697480678558 0.6146124958992004
0.7496475096791982
0.7673267263453454
0.5470234453678131 0.5736133635044098 0.5940733790397644 0.5501907378435135
0.8221369683742523
0.81886400654912 0.7912622809410095
0.5878325790166855 0.5760559022426606 0.7371522828936576
0.6585122256539762
0.7819565288722515
0.7214149631559849 0.5987789064645768 0.5699601858854294 0.5917211085557937 0.6775662317872048 0.6661858022212982 0.6460413083434104 0.6275796175003052
0.24410024881362913
0.7554914232343435
0.39675867557525635
0.6097460716962815 0.563846668601036 1.232518658041954
0.5934661462903023
0.7666253462433815 0.8774126805365086 0.8559576689265669 0.8625013332813978
0.54773069024086 0.5939287930727005 0.6359590202569961 0.684163299202919
0.6603971242904663
0.6493475332856178 0.7415579097345472 0.7601496987044811 0.6756494127213954 0.7023803122341633
0.6189130216836929 0.6589307961985469 0.6202777832746506 0.6880283743143082 0.7195311307907104
0.5121508240699768 0.683729051053524
0.6655741233378649 0.8951167568564415
0.7414300655946136
0.7670623496174812
0.6134031325578689 0.6255608022212982 0.6378894716501236
0.5166951656341553
0.430038470029831 0.5416830688714981 0.6719524407759309 0.6249152272939682 0.6755917079746723 0.4813912557438016 0.4913853973150253 0.5196220308542252
0.7903470981866121 0.7764724209904671 1.2236184120178222 0.7775044265901669
0.6463928446173668
0.5278082549571991
0.7685680175200105 0.8171380318701267 0.7854423109441996
0.7666197657585144 0.7937980532646179 0.8093554005026817 0.7687103420495986 0.7245002567768097 0.7534540981054306 0.8315825673751533 0.7890248574316502 0.826374773029238
0.5899908989667892 0.6194990634918213 0.6609868332743645
0.5956213563680649
0.6914934575557709 0.7686012147110887 0.8801775155123324 0.8099658066406846
0.7423406600952148 0.6290900934487581 0.700161537528038 0.7625953435897828
0.6118315629661083 0.8180248217657209 0.9066179722547532 0.6765055514872074 0.6783337220549583 0.7074988298118114 0.6132480941712857
0.8574451829306782
0.635672253370285 0.6448107495903969 0.5548038214445115 0.5546063214540482 0.6152501001954078 0.5580305844545365 0.6053070336580276
0.8381853526458144 0.8155035255942493 0.7576199315488339 0.7424786761403084 0.7133083462715148 0.7445924885571003
0.3932552367448807 0.7428290113806725 0.7081635524518788 0.6375422447919845
0.6926973164081573 0.5839562758803367 0.6346973150968551 0.6542212419211865 0.5486987739801407 0.6521466240286827 0.6985210970044136 0.6720422871410847 0.6957814812660217 0.6539308719336987 0.6799287417903542 0.7292571380734444
0.9020873982459306
0.617331001162529 0.7003768917173148 0.6971737880259752 0.7598014086484909
0.791228449344635
0.7849069893360138
0.24090666770935054 0.41880190968513487 0.5712423712015152 0.6053293526172638
0.40213183164596555 0.45139381289482117 0.757484668167308 0.5400817692279816 0.7043686136603355 0.8767483830451965 1.1310444906353951 1.0084518745541573 0.8720500573515892 1.1310445591807365
0.6247240915894509 0.6623234078288078 0.6245711043477058
0.9336421400308609
0.4610759675502777 0.49235510230064394 0.5159109354019165 0.5849281042814255
0.2186367034912109
0.8120941027998925
0.7448482483625412 0.7767348892986774 0.7028890728950501 0.6411634281277656 0.7502529703080654
0.816533274948597 0.9440484091639518 0.950568275153637 0.854629211872816 0.8825275275856257 0.9118239291012287
0.6701678425073624 0.6318622708320618 0.6021291464567184 0.6371559575200081 0.5917545914649963 0.5355145990848541 0.919348542764783
0.6393370892852545 0.8528865694999694 0.7735079050064086
0.7907777398824691
0.7091562181711197 0.7425970517098903 0.724772759154439 0.7864812423824332 0.6419084563851356
0.8027121452614665
0.6170284107327462 0.783095619827509 0.7716514073312283 0.8782245278358459
0.558094647526741 0.7913983158767224 0.6976699769496918 0.715512144844979 0.6920068815117701 0.7288536183536053 0.7103046329692007
0.761324667930603
0.5164028227329254 0.6336124747991562 0.7966631142422557
0.8584107317030429
0.6631585702300071
0.6473630428314209 0.7473119776695967
0.5338054388761521 0.9859401308000088
0.24406239986419676 0.7771136237308383
0.6005269229412079 0.5323112815618515 0.6676058694720268 0.7398325726389885
0.5389973428100348 0.8299450978636742
0.500538794696331
0.7022983057424426 0.737662391748745 0.6953104317188263 0.6672835694625974
0.4650989809073508
0.5116939663887023
0.385754007101059 0.654844568669796
0.754620592482388 0.7392872211756185 0.7505350772291421 0.7805226214230061 0.7562906295061111 0.7921025946736335 0.7931359428912401 0.7830879211425781 0.7234582182019949 0.787092212587595 0.6981047183275223
0.7011456612497569 0.7887183085083962 0.9285645186901093 0.777738294005394
0.6197336316108704
0.7960872478783131 0.8166593544185161
0.40702233910560603 0.5253439605236053 0.516931289434433
0.7133928200230002 0.7876016136258841 0.706338967056945 0.72686587870121 0.7071690454613417 0.7729466620832681 0.7062882595695555 0.6845094010233879 0.7071807071217335 0.9187788255512714 0.7275820935145021 0.620163856819272 0.7134468503296375 0.7677603378542699 0.7055950100999325 0.7592889003455638
0.6695213466882706
0.6217742651700974 0.7052787154912948
0.6061468474566937 0.7061542004346848 0.8272240534424782 0.9473666479811073
0.6354399472475052 0.589817562699318 0.5237391203641891
0.5614575952291488
0.5901051081717015 0.8676953542977571 0.7296788118779659
0.4142503619194031
0.6166621804237366 0.6993528708815575
0.5981471747159958 0.7494495251215995 0.7766734421253204 0.7949078984558582
0.6745714902877807 0.6453630208969117 0.6354386746883393 0.6918842658400536 0.6849051520228386 0.8601206667721272 0.7642280139029026 0.7101818695664406 0.71280487626791
0.8960498124361038
0.8072336047887803
0.6159278154373169 0.5942486166954041 0.5615570485591889 0.6077674478292465 0.6296228021383286 0.6549877405166626 0.6058806419372559
0.6537865698337555 0.6793171409517527 0.7551240615546704
0.6041168808937073
0.5458870381116867
0.6769851431250572 0.798620057106018 0.7217171303927898
0.6216517932713032 0.6180012293159962
0.3380136489868164
0.6465401785448194 0.5954158887267113 0.7870331648737192
0.5938275009393692 0.6615230729803443 0.8850279115140438
0.863914686255157 0.9009090378880501
0.41150474548339844 0.5872414588928223
0.8075395860098069 0.8679491348564625 0.8980929963290691 0.8757856637239456
0.6594271990936249
0.6323475200682879 0.6845877304673195 0.6312256619334221 0.6929387390613556 0.7163174226880074 0.6062444679439067 0.5201281845569611 0.6625633470714092
0.511197705566883 0.7157928451895714
0.7628978624939918
0.5201678045094014 0.7118516899645329
0.775421692058444
0.7390647277235984 0.6514224261045456
0.8735182203352452
0.49525519907474513
0.38891453146934507 0.5149918675422669 0.5911741942167282 0.561548289656639
0.6082571372389793 0.734432515501976
0.2896636426448822
0.6081607311964035 0.6370727553963661 0.64696234613657 0.6783024370670319 0.6284419000148773 0.7639626475051046
0.773187798820436
0.4866901785135269 0.6295388899743557 0.8021164990961551
0.6104261875152588 0.6997902929782868 0.7326310358941555 0.894177982211113 0.9228616586420685
0.5633080281317234 0.7222043531015515 0.7836107425391674 0.7352064348757267 1.0204415142536163 0.8544043201487511 0.6466620832681655 0.765411177650094
0.5073495805263519 0.5789956897497177 0.5743000477552413
0.5299855679273605 0.8204833976924419 0.7878322999924421 0.741398985683918 0.7593386247754097 0.8012145958840847 0.8026937793940305
0.8919895082712174 0.5235805571079254 0.7184786327183247 0.738853181898594 0.7997903622686863 0.6394623219966888 0.6102486908435821 0.6924319526180625 0.7238122969865799 0.6638434201478958 0.6087685912847519 0.6828174016671256 0.7055718380957842 0.7425401236861944
0.697321406379342 0.7993676260113716 0.82301260009408 0.8376056765206158 0.8483309201896191 0.7145537346601486
0.6106702268123627 0.7506278119981289 0.8398401990532876 1.0798189163208007
0.36903983950614927 0.3329445719718933 0.672479224205017 0.6343029707670211
0.6126200310885906 0.6335100501775741
0.6365727484226227 0.660985141247511
0.7182591129094362
0.550401794910431 0.67796191573143 0.6243354737758636 0.6456682205200195 0.548658937215805 0.6038263708353042 0.6232788145542145 0.634664049744606
0.6021484926342964
0.8463630297221243 0.8390904400497675 0.7554835088551044 0.8136442013084888 0.8434828555211424 0.9104730151593685 0.946942289173603 1.1906909316778183 0.9267192482948303
0.6509214341640472 0.6106568798422813 0.5674430578947067 0.6296617954969406 0.6112864255905152
0.26007461994886394
0.6034720137715339 0.8002826035022735 0.696214248239994 1.0032938711345196 0.8850561626255512
0.6400922864675522 0.6119875192642212
0.8060609623789787
0.44703184962272646
0.6204733639955521 0.6118284553289414 0.7385633081197739
0.7879070267081261
0.642842011526227
0.723737358301878 0.728031736984849 0.7704985428135842
0.5130075931549072 0.8462291836738587
0.7842687562108039 0.7017841018736363 0.5759278476238251 0.7485272057354451 0.6493735998868942 0.8854935884475708 0.7254533708095551
0.6577778637409211 0.667147247493267 0.6979210071265698 0.6384927451610565 0.5482092201709747 0.6086650371551514 0.6406213253736496 0.6053341597318649 0.5579471737146378 0.6415026068687439 0.8079604111611843
0.7642529465258121
0.6926569856703282 0.6848201073240489
0.6826052896678447 0.5923009973019362 0.630331528186798 0.8291025925427675
0.6116145789623261 0.7543489458039403 0.7455737851560116 0.7529203310608864
0.5667336262762547
0.6506966859102249 0.6503171056509018 0.5933681163936854 0.5995076268911361
0.415653544664383
0.9547059873118997
0.6378753483295441 0.6663618192076683 0.6755505979061127
0.582803412526846
0.01950505971908567
0.8021622707135976 0.9095490083098412 0.7776228809729219
0.6636402763426303 0.5833486333489418 0.5863372951745986 0.569780139811337 0.5880696952342988 0.7955914089456201 0.6388973336666822 0.7719467177987098
0.47518698573112483 0.7395162086933851 0.67727607563138 0.7781945798546076 0.6789437010884285 0.7369323343038559 0.7337220922112465 0.8542294330894947 0.6519802868366241 0.8729252621531487 0.7090110003948211 0.7271585099399089 0.6629408776760102 0.6794827729463577 0.7630512767471374 0.6981093127280473 0.7356199860572815 0.6860768035054207
0.6122562736272812 0.6253721445798874 0.7268366359174252 0.6867649003863334
0.7488257020711899 0.9251880757510662 0.9228526920080184
0.8519811308011412
0.4927605986595154 0.6364723086357117 0.5170173227787018 0.5783712327480316 0.6149011045694351 0.7095635533332825
0.8548061437904835
0.5528267443180084
0.681424318253994 0.7671644851565361 0.7114892795681953 0.7197880893945694 0.7466916140168905 0.7364109970629216 0.7321303240954876 0.6879937656223774 0.6800708616618067 0.7237689286470413
0.8492092351429165 0.7188770741224288 0.9944393943995238 0.4961160719394684 0.4156313747167587
0.5557880744338035 0.3906398087739944 0.6042751640081405 0.7211924742499832
0.63548239832744 0.6503066509962082 0.6820785880088807 0.671850660443306 0.6552937924861908 0.6178719699382782 0.5435573667287826 0.6671377882361412
0.6730964029906318 0.819488113373518
0.8716786734759807
1.0193252338678576 0.8599182359874249 0.8261007153429091
0.755169129371643 0.7536354843527079 0.6449832262471318 0.5891108840703965
0.358196210861206 1.3749958485364915
0.3524592459201813 0.9009017638862133 0.7853503435850143
0.6531325846910476 0.7438960522413254 0.6605650171637535 0.7282415148802102 0.8367348477244377
0.5805982708930969
0.9498292461037636 0.8619540750980377
0.8562303073704243 0.6180431842803955 0.5755418419837952
0.7021935597062111
0.6496258944272995
0.6134396463632583 0.4683927774429322 0.601267147064209
0.6307257264852524
0.7813228156417609
0.5280273646116257 0.6465896889567375 0.7970255307853222 0.7540663421154022 0.7984970100224018 0.7176249712705612
0.9008605875074863 0.8758313603699207 0.9117119833827019
0.8551843792200089
0.7608513593673706 0.6799146935343743 0.6023361653089523 0.7360798753798008
0.8772117301821709
0.6590787008404732 0.5443252176046371 0.8472115390002728 0.667020533978939
0.6256121516227722 0.7294736236333847 0.7149065390229226
0.7317550543695688
0.6040705472230912 0.7145618584007025 0.7276597201824189 0.7762223137542605 0.762796439230442 0.95228386297822 0.7904855363070965 0.9507016267627477 0.79403615295887 0.7276597201824189 0.7311683140695096 0.7276597917079926 0.8248994015157223 0.7463905811309814
0.5353094201534987
0.7198438140563667
0.7913009103387594
0.6555280819535255 0.6267831698060036 0.6182879269123077 0.6031302809715271
0.7586811810731888
0.8354023654013872 0.5697049200534821
0.6118712544441223 0.702660720050335 0.8455214485526085 0.9630935177206993
0.3121992766857147
0.671268083807081
0.8773382335901261 0.8291887663304806 0.8389547526836395
0.6957150850445032 0.7073317147791386 0.769437009980902 0.8332607239484787
0.7762664549052716
0.7266554675996304 0.6528659433126449 0.6782284840941429 0.7768796164542436 0.7241592455655337 0.5931090354919434 0.6228581935167312
0.7309283003211021
0.5810473516583443 0.7808262679725886
0.8737844362854957 0.7681119468528778
0.9243361055850983 0.7188549645245075 0.865995730087161 0.8401254143565893 0.9962020964361727 1.0224534724839032 1.0294676929712296
0.7335053218528629
0.6238374445587397 0.5602489411830902
0.7418720155954361
0.8138874587835744 0.7345636039972305
0.5753328338265419 0.6876282442361117 0.6225065141916275 0.6516565769910813
0.902762008458376
0.4067413687705994
0.7402075596153737 0.6187438555061817
0.5368185415863991
0.3880201727151871
0.6805196583271027 0.6659097708761692 0.6745344072580337 0.6763444319367409 0.6594372972846031 0.6513869732618331
0.9656980864703655 0.6150269716978073
0.19690800905227657
0.5410836100578308
0.7092295348644256
0.8161029875278473
0.4609130859375 0.6324689328670502 0.5785752147436142 0.8415550854057073 0.4988128781318665 0.3818943083286286 0.7639343211892993
0.7002717882394791 0.6530680954456329 0.7839521773159503 0.7884056903421879 0.6520295187830925 0.6613084211945534 0.6516461193561554 0.8271967209875584 0.8086048621684313 0.75313321352005
0.6221561133861542 0.7846923381090164
0.6600970029830933 0.6493478856980801 0.6358598537743092 0.5978060856461525 0.5957073852419853 0.61529600918293 0.6829449631273746 0.6382314775604755 0.5990412354469299 0.5039437651634217 0.5158825367689133
0.5801523685455322 1.036391788907349
0.3797920703887939
0.5355766832828521 0.5573372602462768 0.6234082102775573 0.5103953957557679 0.5646506071090698 0.5587148010730744 0.601709520816803 0.6898284412920475
0.8390971481800079 0.7714409925043583 0.850833285227418 0.9075572468340397 0.8544497361755929 0.7335348483175039 0.7652371369302273
0.6909889310598374 0.668305766582489 0.6761242717504501 0.6808724597096443 0.7035877730697393 0.7064630065113306 0.7483138989657163 0.6633160799741745 0.7589285344816744 0.6051693022251129 0.6626631513237953 0.6952763862907887 0.6780601616948843
0.5258544921875 0.5586171180009842 0.5553334146738053 0.6208474352955818 0.5463010907173157 0.5716319814324379
0.6034994810819626 0.7936086859554052 0.668798704445362
0.8983284115791321
0.6942981302738189 0.6766664475202561 0.6756763204932212 0.8316403459757566 0.49616120457649227 0.6233281165361404 0.7542285859584809 0.5946643620729446 0.6112133860588074
0.8819118902087212
0.8566518440842629 0.8093818183988333 0.7393793269991875 0.8106854063924402 0.745468758046627 0.7796267926692962 0.6901387255638838 0.7750437382608653 0.779477687831968
0.8118810042738914
0.538074392080307 0.5615666508674622 0.6681941635906696 0.6558865383267403 0.6303510218858719
0.5132808715105057
0.8280327968299389
0.4898248434066772 0.6231192499399185 0.6940153181552887 0.7461872287094593 0.6080511033535003
0.5301456212997436 0.9592692667618394
0.5835929423570633 0.744103929400444 0.7840908288955688
0.48785249590873714 0.6187663942575454 0.57210373878479 0.5561931550502777 0.5627834320068359 0.5326909303665162
0.8114443548023701
0.4765903770923614 0.5143534184899181 0.5106023475527763
0.6697814881801605 0.6382148027420044 0.6824079424142837 0.6713241636753082 0.6793471627868712 0.583463117480278 0.670535696297884 0.6948404461145401 0.7362092727795243 0.7458212822675705 0.6718531310558319 0.6725316986441612 0.7012058407068252 0.652590548992157 0.5778670579195022
0.7640558823943138
0.23510484993457792
0.6809108898043632 0.6293944448232651 0.5870149403810501
0.7072827637195587
0.9130233414471149
0.6517858326435089 0.6039432644844055 0.6608531981706619 0.5689073354005814 0.5897172659635543
0.8579648968763649
0.5768167525529861 0.8090511199086905
0.5271560370922088 0.5302233159542084
0.5125831663608551 0.666849461197853
0.6707771219313144 0.6545286267995835 0.5790697187185287 0.7183084794320166 0.7304878355935216 0.8418015204370022
0.6019277036190033 0.6108969539403916 0.6364177078008652 0.6350482881069184 0.5930953323841095 0.6659662768244743 0.5827935934066772 0.6603792518377304
0.8815044842660427
0.6741366773843765
0.6214728116057813 0.6236943393945694 0.9222559861838817 0.9481585785746575 0.7001151293516159 1.0065953046083451
0.38364040702581403
0.8668327957391739 0.8157990485429764 0.7281848020851612 0.865432222187519 0.7976254839450121 0.9296843230724334 0.9181422144174576 0.9304472982883454 0.947327446937561 0.8648263409733772
0.5279391378164291 0.7072025969624519 0.768192608654499 0.7761322559323162
0.4456684350967407 0.523461963236332
0.6910257324576378 0.6825410857796669 0.7247575726360083 0.7098369024693966 0.6707318454980851
0.8242199888452888 1.1594757929444313
0.8667652700096369
0.6487074658274651 0.8015972101828084 0.7715727925300598 0.6916695460677147
0.6382800064980984
