0.522193618118763 0.7591132417321205
0.46682637631893154
0.7241155251860618 0.7407308742403984 0.5700225561857224 0.6868919745087624 0.7053578898310662
0.4086450546979904
0.22010592222213743
0.4753983795642853 0.5857283025979996 0.6310278907418251 0.6610645286738872 0.6219716832041741 0.6232576951384544
0.6302671130746603
0.6674832463264465 0.6161498844623565
0.6195232152938843 0.6232424393296242 0.6384188659489155 0.7545302543789149
0.5735199153423309 0.7552632078528404 0.6801304012537003 0.771652396209538 0.8974889509379864 0.6083198636770248
0.5887121617794037
0.640067920088768 0.7018208302557468 0.7737926982343197 0.6288329869508743
1.1231517493724823
0.6276681929826736
0.562542799115181 0.6695269972085953 0.7129587799310684
0.6884062573313713
0.7601276651024819
0.6336106330156326 0.5111477017402649 0.6364982306957245 0.6822423130273819
0.4742307543754578
0.7846101211383939 0.6308667063713074 0.6908861592411994 0.6762533217668534 0.6891439393162727 0.603415921330452
0.6875668607652188 0.7341595900710672 0.940150773152709 0.70871123354882 0.6477135214954615 0.7007013097405433
0.6025462925434113 0.6613841407001019 0.6594319321215153 0.5396590977907181 0.6079320922493935 0.6450261726975441 0.7264930106699466 0.7034770904108882
0.7325555302202702 0.7501961804926396 0.7203523697331548 0.7770398803055286 0.7352436549961567 0.8626510735601187 0.6999749258160591 0.9108942687511444
0.6815250396728516
0.9332125529646873 0.7767930913716554
0.6058369904756546 0.8040292955935001 0.8094799973070621
0.8827938079833985 0.7904308624565601
0.638509064167738 0.535018053650856 0.6497258424758912 0.5895397692918778 0.6298191577196122 0.704867984354496
0.29354702234268193
0.3774844467639923 0.6009365856647492 0.6481005191802979 0.6907727986574173 0.5641633182764053 0.6479737296700477 0.7444878157228232
0.5208198159933091 0.6886243708431721
0.5073449179530144
0.8611706912517547 0.8879114784300327 0.8708739574067295 0.8880755588412285 1.0086975313723088 0.921560256741941 0.9303829461336136 0.8814916983246803 0.8117432005703449
0.6259411603212357
0.6060248032212258 0.8437042189761996 0.8461385641247035 0.6725912416353822 0.8176437578164041
0.6760306145995856
0.4270150542259217
0.6299802005290985
0.4624212414026261
0.5820882618427277 0.659794769436121 0.7336096465587616 0.6422113992273808 0.7131302110850811 0.6085453867912293 0.6989364176988602
0.5282076105475426
0.7764595672953873
0.6195356518030166 0.6872929483652115 0.6432966709136962 0.6198671244084835 0.5839853033423423 0.7206890058238059
0.6118403941392898
0.6880084544420242 0.6684699162840844
0.9128134222701192 0.8026128372177481 0.8540317341685295
0.8634071949869394
0.4160734545439482 0.6962329611182213 0.8028119467198849 0.7468216467648745 0.8237156040966511 0.7203940413892269 0.6974635913968086 0.7839798679575324 0.8213519597891719 0.7090863619931043 0.758573890500702 0.8120500281453132 0.7634551508352161 0.7744117930531502
0.7312638036906719
0.8281419947743416 0.739248514547944 0.6977769166231156 0.8281419947743416 0.7985780280083418 0.6934443220496178 0.7678795662242919 0.7514383245259524
0.6278726726770401 0.726650732755661 0.6434574301820248 0.6699526272714138
0.777751361951232 0.9477448113262653 0.796506380662322 0.7146781902760267 0.7800273494794965 0.6899809367954731 0.6636127322912216 0.7866891833022237 0.674031226336956 0.7009185746312141 0.7603080585598946 0.696514081954956 0.5682269394397735 0.8051895730197429 0.7546097837388516 0.9041546005755663 0.7996322869323194 0.9848187670111657 1.1143351331353188 0.6902272999286652 0.9848185554146767 0.6707468196749687 0.9848187670111657 1.0211524203419686 0.7454574549570679 0.7645741820335388 0.7933009393513203 0.9848185554146767 0.9985583975911141 0.7372477121651173 0.7343157574534416 0.9848185554146767 0.7228704161942006 0.9848185554146767 0.6876043692231179 0.9848185554146767 0.7013043001294136 0.7851489052132138 0.9848185554146767 0.7028747394680976 0.7776426587253809 0.9848185554146767 0.7008791603147984 0.77767868116498 0.9848185554146767 0.7116840802133083 0.9848185554146767 0.6675829783082008 0.9848185554146767 0.6624990046024323 0.9848185554146767 0.6938001717906446 0.7921970981173218 0.9848185554146767 0.6908814311027527 0.9848185554146767 0.6510009661316871 0.9848187670111657 1.0393213331699371 0.7298051744699479 0.6997333630919457 0.9848185554146767 1.2761843912303448 0.732607371546328 0.9848185554146767 0.7471982590854168 0.7528061166405677 0.7938569601625204 0.9848185554146767 0.7011392295360566 0.8370262756943703 0.9848185554146767 0.6580156087875366 0.9848185554146767 0.6973447889089585 0.7515844609588385 0.9848185554146767 0.6499853432178497 0.9848185554146767 0.6901584357023239 0.7959695745259523 0.9848185554146767 0.692531119287014 0.69940315335989 0.9848185554146767 0.7205278925597668 0.9848185554146767 0.6446982979774475 0.7958862291881814 0.7195132585242391
0.7183489535003901
0.5707944929599762 0.6195775359869004 0.5602993696928025 1.0698682188987731 1.0023870944976807 0.7150415912270546
0.5406780391931534
0.49533911049366
0.4964879512786865 0.5849411725997925 0.5792061060667038 0.6150942832231522 0.6210613787174225 0.5798350930213928
0.6925478584133089 0.743064920604229 0.951878646761179 0.7468265920877457 0.7814657074050047
0.7680370070040226
0.6324022620916366 0.6465593189001083
0.9778438925743103
0.8786633692681789 0.8606850899755955
0.7062722951173782 0.7611086748540401 0.5636568784713745 0.5642572522163392 0.5883844345808029
0.5041353166103363 0.589736619591713 0.7103211566805839 0.5647347301244736 0.5401675820350647 0.4972961902618408 0.5896064460277557
0.6533376999199391
0.6466085523366928
0.5951364696025848 0.76599036231637
0.5681211218237877 0.7946745306253433 0.8294051837176084
0.6636132292449475
0.7959633566439152
0.5820263892412185 0.657368902862072 0.47466981410980225 0.5810172587633133 0.46346935629844666 0.5074401319026947
0.6825854375958442 0.8013428604230285
0.6092157613486051
0.6011465787887573 0.5947323024272919 0.6813983216881752
0.6461157470941543 0.757555509917438
0.4748608052730561
0.5986550182104111 0.5731894969940186 0.44579423069953916 0.6011008083820343 0.5843811988830566 0.6208318263292313 0.6704839259386063 0.6926321968436241 0.6407882988452911 0.6687422007322311 0.5851374566555023 0.6124789744615555 0.6851717919111252 0.6738067552447319 0.7859035398811102 0.6366385787725448 0.5480194330215454 0.6859997406601905 0.8242996636778116
0.7121814042329788
0.5866675078868866
0.6549221977591515
0.23201016187667844
0.6329395562410355 0.8445353478193283 0.7973945119418204 0.7654228273779153
0.4726149678230286 0.5724332392215729 0.5498307257890701 0.521962720155716 0.6083561688661575 0.5180361211299896 0.6219296604394913 0.5774603545665741
0.5054743647575378 0.686363285779953 0.7174483899027109
0.45929434257559476 0.7029292643070221 0.6607865938916803 0.6471535496413707 0.6467139333486557
0.7668541971594095
0.7290821805596351 0.7819474898278713 0.7414685605093837 0.7854692234657705
0.7020121037960052
0.880643404275179
0.4630631446838379 0.6419285893440246 0.6314895480871201 0.5915946751832962
0.5657158851623535 0.6296083211898804 0.8909897789359092 0.7750578654464334
0.6791736133396625
0.7261484678834677 0.8253251701593399 1.0007275104522706 0.8785275429487228
0.633466762304306 0.6716841056942939 0.6766716040670872 0.5944257646799087 0.6132892042398452
0.6392373502254486
0.635935784317553 0.684519500285387 0.7071899525821209 0.8274744480848313
0.6749796763062477
0.8717585571110249 0.867684056982398 0.8692970871925354 0.8929885342717171 0.899975349009037
0.607217213511467 0.7205996572971344 0.7226417072117328 0.4026129066944122 0.5012189030647278 0.9455382563173771
0.7715654462575913 0.8027182877063751 0.802049259096384 0.6629203960299492 0.7959532596170902 0.7395633943378925 0.6925309762358666
0.6988893769681453 0.6567719148471951
0.6082607388496399 0.6440121024847031
0.6850873857736588 0.6074464902281761 0.7257830828428269 0.6318226521834731 0.7698541648685933
0.8845974028110504
0.5372177630662918 0.8801342129707337
0.4313972294330597 0.5833241879940033 0.5520329713821411 0.5871648252010345
0.7061510905623436 0.8147375181317329 0.4966989904642105
0.5307948723435402
0.6572277754545212 0.5948162198066711 0.5410658180713653 0.7014290317893028
0.6864342033863068 0.5984801337122917
0.6257698088884354 0.8810585848987103 0.6986846148967742 0.6708272635936737 0.8477684743702412
0.6762210384011269 0.7961535032838583 0.781988387927413 0.8139839418232441 0.8682055346667766
0.37265113592147825
0.6379498690366745
0.7169524803757668
0.5040140390396118 0.6268430650234222 0.650529283285141
0.9711959689855576
0.7753398282453418 0.8524989388883114 0.6469037175178528
0.44664428830146785 0.5419869363307953 0.6611480176448822 0.4511961221694947
0.7144405826926231 0.7231802835478447
0.34759054780006404
0.5266023486852646
0.6039984941482544
0.6095092371106148
0.5873204290866851 0.5341875642538071 0.6832933887839318 0.6094299182295799 0.5863790363073349 0.6236417226493358 0.6652509123086929 0.7954191368073225 0.6654242422431708 0.7881443545222282
0.6025693923234939
0.6398717761039734
0.3568945288658142 0.7858860228210688 0.6068497151136398 0.8527984205633402
0.80331188198179 0.94349175542593 0.7400369137525559 0.8787885278463363 0.755707485973835 0.7455189764499665 0.788564405310899 0.7276052564382554 0.9115986166521907 0.840689063287573 0.7417250275611877 0.7775533061474562 0.723509569466114
0.6863646263023838 0.882826791703701
1.0322159975767136
0.8315249305218458
0.6987673196010291 0.6698350980877876 0.7009161733090877
0.547040393948555 0.7512902811169624
0.7515681475400925
0.6749204859137535 0.585341089963913
0.8044964569620788 0.9603033244609833 0.7909142047166824 0.9118860870599746 1.0046723313629626 0.8262637384235859
0.5007048368453979 0.549775140825659
0.6932454958558083 0.695323008298874 0.7343847699463367 0.6910493943840266
0.7659378841519355
0.6918497994542122 0.8888912193477154 0.8767832040786743 0.8111171156167984 1.0265021923929454
0.5297783344984055
0.5707528173923493 0.9687954559922218
0.6571271941065788 0.8399986296892166 0.8784087389707566 1.1027362998574972 0.8302050948143005 0.8552420929074287 0.8554207213222981 0.7409176982007921 0.9097945179790259 0.8552421614527702 0.8554207213222981 0.7436530095059425 0.7578981518745422 0.8209290158003568 0.9145992256700992 0.8227576158940793
0.6675733029842377 0.7241305682808161 0.7041545275598764 0.6283783286809921 0.6924674816429615 0.6849661782383919 0.687704385817051 0.8003036484122277
0.7193194434046746 0.8710522286593914 0.7594056516885758 0.7691577278077603
0.8394099060446024 0.8590928256511688
0.6072355836629868 0.6459057569503784 0.6450981497764587 0.6150331169366836 0.677331805229187 0.6415639877319336 0.6496934205293655 0.6199287921190262 0.7451772559434175
0.7747326716780663
0.6798699870705605 0.9302404098212719 0.7496112036518753
0.5584343925118447
0.5735306546092034 0.7208553452044726 0.7666119277477265 0.6428783118724823 0.761039736866951 0.7234183117747307
0.6555048391222954 0.5642803519964218 0.7747020196169615 0.6764874637126923
0.40840044780634344 0.9054929401725531 1.0338218957185745 0.8282999966293574 0.864143680036068 0.9121865540742874 0.8674670726060867 0.7964724093675614
0.26532987952232356
0.6651516042649745
0.7490316685289145 0.7705339312553405
0.49482907354831696 0.8816919416189194 0.7596758261322976 0.8637293495237828 0.7799468323588371 0.8247860383242369 0.823758758418262
0.789777799230069 0.7712128508836031 0.5934170663356781 0.7546372652053833 0.6841466322541236 0.9313947558403015 0.695234289765358 0.6797196760773658 0.8481049686670303 0.672113698720932
0.8595201509539038 0.9608180910348892 0.7681697219610214
0.6866864278912544 0.7847084413981065 0.7483324781060219 0.7613010078668594
0.6784958265721798
0.7912309194914997
0.8932537585496902 0.6974895810708404
0.5685924589633942 0.6521909803152084 0.6472881027497351 0.5908869355916977 0.66822015568614 0.5966436192393303 0.6652338184416294 0.6407664716243744 0.6655036345124244 0.6206929616630077
0.8255430720746517
0.7439038246870041
0.6772387117147446 0.6290144443511962 0.6782145649194717 0.6691397175192833
0.777522225677967
0.47138059735298155 0.5737179666757584 0.5818034008145332 0.5347784757614136 0.5508383005857468 0.5959633558988571 0.5926501363515854 0.6039167821407319
0.6017040103673935
0.7651660829782486
0.5836158961057663 0.6712757840752601 0.6621621578931809 0.5672813773155212 0.7735239420086145
0.5515766188502311 0.7710987076163291
0.46293268799781795 0.6154858022928238 0.7028374426066876
0.48730489015579226
0.6239256665110589
0.6698198415338993
0.6710424831137061 0.7905662022531033 0.883266830816865
0.6489120129495859 0.6804363802075386 0.650488244369626 0.6505976527929306 0.6468886792659759 0.6505976527929306 0.6153167758136988 0.7164421647787094
0.7007899537682534
0.5890885680913925 0.4856655091047287
0.8579390464350581 0.7753800207749009 0.6735528975725174 0.8250521071255207
0.7215344063937664 0.7255592502653598 0.6143417686223984 0.5687573850154877
0.6201671704649925 0.7114305112510919
0.4995587587356567 0.7032852530479431
0.6226917892694473 0.6159396797418595 0.6998047024011612 0.7399050444364548 0.629687637090683 0.6588339567184448 0.6168060600757599 0.6269055753946304
0.7517041109502316
0.9225608348846436
0.6183925345540047 0.703468120098114 0.7641184605658055 0.7660950407385826 0.6554397135972977
0.4231538663618266
0.7091817147098481
0.750996588356793 0.6590478301048279
0.7314071148633957 1.0082014109939337
0.7938301861286163
0.7861617032438517
0.7958951264619827 0.7001948814373463
0.8136800803244114
0.6890551567077636
0.6420365154743195 0.7259056307375431
0.7769659993238747
0.6868998140096665 0.5386458039283752 0.5000736057758332
0.5824020147323609 0.8859719797968865
0.7177141740918159 0.7307108223438263
0.8312819562852383 0.6958765521645546
0.6797939106822014
0.4357144951820373 0.5149716585874557 0.6288630083203316 0.7067034356296062 0.6705703765153885
0.5690227575600147
0.4699755191802979 1.0256320722401142
0.6424949169158936
0.5690886527299881 0.7547456830739975 0.8229413293302059 0.7403063707053661 0.7571424536406994 0.7766855835914612 0.789221354573965 0.7391064740717411 0.7944406632333993 0.7410491436719895 0.7246329754590988 0.6717986750416458
0.36918082237243655
0.6775142461061477 0.791681057959795 0.8741157725453377
0.8055323518725345
0.7494676813483239 0.9762124218046665 0.9402811624109745 0.8210356011986732
0.7117149502970278 0.6821761265397072
0.9322674211114645
0.5278683662414551 0.5886040270328522
0.6295655846595765
0.5357783436775208 0.7713336311280727 0.8683081660419703 0.8216080045327544 0.6929333716630935 0.7525590471923351 0.6632468611001968 0.7342056449502706
0.7541241209954024 0.5951348423957825
0.8630206231027842 1.01066415309906
0.6970818251371383 0.7837069422006607 0.9780087515711784 0.9149706088006496 0.929685664921999 0.6575441405177116
0.5346035838127137 0.6463057532906532 0.6070044726133347 0.4973970532417298 0.5566592574119568 0.7438831280916929 0.5689337521791458
0.5480529174208641 0.5226107001304626 0.5478725107386708 0.6420293122529983
0.6062487803399563 0.7596751920878887 0.7192304462194443 0.7751816809177399 0.8447740857489408 0.7994525283575058
0.716063292324543
0.6666905395686626
0.3050562262535095
0.2611724495887756
0.7894607990980148 0.4742205873131752 0.4541272968053818 0.6956226959824562 0.6781974785029888 0.7507814411539584 0.6999276723712683 0.6162653014063835 0.7661381958052516
0.8771762013435364
0.7404949635267257 0.8340827418491245
0.5553493112325668 0.6556316971778869 0.7083408400416374 0.5602124840021133
0.7639649777673185 0.7689041566103697 0.7986656125634909 0.8306132086436264 0.760010552406311 0.7734795860946179 0.7663372382521629 0.7734795145690441 0.8871289417147636 0.7309135377407074
0.45523354411125183 0.7145528137683869 0.5482826054096221 0.5358392298221588 0.6449084997177124 0.5287531048059464
0.7983589261770249
0.7858819268643856
0.6047847807407379 0.622604838013649
0.7465606590732932 0.841009805421345 0.7435457140207291
0.7262964386492967 0.8010791206732393 0.761105566099286 0.8099243452772498
0.6590885877609253
0.710551705956459 0.8142509328201413
0.5820731483399868 0.8207170467823743
0.5213055521249771 0.6351233005523682
0.7799539633095265
0.936316280066967
0.545378914475441 0.7464159354567528 0.7185537166893482 0.4632633239030838 0.6793498456478119
0.7417814614251256
0.6750786330550909
0.6476295411586761 0.6046675994992257
0.43891399502754214
0.7673999696969986
0.5717117324471473 0.6374129176139831
0.6371662005782127
0.7217750459909439
0.7243137889541685 0.8587732136249542
0.8284717053174973
0.581978565454483 0.7916583854705095
0.6712577015161514 0.7443781210109591 0.7582604221999645
0.8356763511896134
0.8330592090263963
0.6445428326725959 0.7366768591105938 0.642751382291317 0.6995698481798172
0.5617399841547013 0.7442537367343902
0.6471040353178978 0.6783577427268028
0.834559579193592
1.0625242173671723
0.659369421005249 0.7420743741095066 0.7524607254192233 0.82352284938097
0.4964086979627609 0.9291373416781425 0.8612555906176567
0.3973327085375786
0.5887527108192444
0.27470583468675613
0.3386251926422119
0.6217252537608147
0.7650161296129226
0.6558010742068291
0.60782550573349 0.6267116904258728
0.710684635490179 0.6133150532841682
0.5267633974552155 0.680559353530407 0.6883518040180207 0.7049372054636478 0.7331438951194287 0.8631305262446404 0.727926354110241 0.7077803000807762 0.7484443560242653 0.6462417572736741 0.6413673430681228
0.5167208015918732 0.457404351234436 0.549623990058899
0.4002218544483185
0.5269132077693939 0.5944209575653077
0.9391857206821441
0.7611842505633831 0.8844343148171901 0.7910437424667179
0.6740673139691353 0.5344845712184906 0.5450709581375122 0.5389897882938385 0.5967993617057801
0.5378339633345603
0.12865690588951106
0.716783881187439 0.6568231217563152
0.7231247637420892
0.6742659360170364
0.6889132563024759 0.6511524051427842 0.7538119256496429 0.7376553297042847 0.5712818577885628 0.6957909464836121 0.778288097679615 0.7467584326863289
0.8992251647636295
0.6863830626010895 0.7176021568477153 0.7385048974305392
0.5902528665959835
0.8512778464704752
0.6927855364978314
0.867535936832428
0.4526527106761933
0.5658433079719544
0.6501019645482302 0.7991132810711861 0.7818079195916653 0.7200082495808602
0.7576495237648487
0.5795897744596005
0.5791025608778 0.5731292515993118 0.6253666341304779 0.6245963901281357 0.5724807053804397 0.6172562018036842
0.9420908287167549
0.3848007619380951 0.8154739335179328
0.4590031981468201 0.5218504130840301 0.5643204748630524 0.6908274665474892 0.6801960200071335 0.895227299630642
0.8478665843605995 0.8345111303031445
0.8791094809770584 0.690746733546257
0.5185662150382996 0.5865648061037063 0.5506935060024262 0.5692350715398788 0.7794463992118835 0.7014348238706589 0.5919455736875534 0.617905592918396 0.6705448061227799 0.7140835359692573 0.8353408440947533 0.5496906638145447 0.49209411740303044 0.6666560009121895 0.5482725828886033
0.7481607675552369 0.7901282802224159 0.714264640212059 0.61371059268713 0.7930658042430878 0.7811711005866527 0.7624066174030304 1.0295540077611804 0.6812212467193604 0.7930658757686615 0.7525293095037341
0.7666569203138351 0.8850990384817123
0.9173072695732116 0.7417229778598994 0.7174704954028129 0.687017622590065 0.7288044571876526
0.5202775698620826
0.5470627874135972 0.660708823800087
0.7367085725069046 0.8928980529308319 0.7190662264823914 0.8689851760864258
0.9859231069684029
0.39639202952384944
0.7366431664675475 0.610839107632637 0.9302714183926583 0.7890666011720896
0.7335717126727104 0.7410189855843783 0.6723178327083588 0.8277689173817635 0.673188441991806 0.728948051482439 0.8033977717161178 0.6731885850429535 0.672317898273468 0.7788206622004509 0.688991230726242 0.8297811608761549 0.7920356322079897 0.672317898273468 0.8547333925962448 0.673188441991806 0.734102101996541 0.9948845197912306 0.6565425071865321 0.8139590781182051 0.8354750469326973 0.7150208998471499
0.7548338323831558
0.6152568757534027 0.6490196585655212
0.3762652531266213
0.8284440904855728
