0.7316934622824192 0.6356424555182457 0.48963589370250704 0.6213347271084786 0.45473275482654574 0.6247726827859879 0.5755144283175468 0.6113846704363823 0.5828889533877373 0.5337482303380966 0.6664964467287063 0.5509916394948959 0.6158097863197327 0.5445422053337097 0.7239970728754997 0.5497489392757415 0.46555618941783905 0.6013302933424711 0.44927146732807155 0.7495139393955469 0.49754234552383425 0.6354631088674069 0.47342915236949923 0.593549494817853 0.7220639299601317
0.7569634765386581 3.5762786865234375e-07
0.5829331666231156 0.5995598137378693 0.6114426553249359 0.6817167356610299
0.8139864146709442 0.06866590976715092
0.5685687959194183 0.564494215324521 0.7113150954246521 0.5755530621856451 0.6313133850693703
0.1869020700454712
0.0
0.0
0.4657445669174194
0.7543929517269135 0.1442278861999512
7.152557373046875e-07
0.3523414969444275
0.09951121807098384
1.0825509026646614 0.576480607688427
0.06314253807067871
0.12842267751693726
0.8251931637525558 0.2784509211778641
-7.152557373046875e-07
0.0
0.2207178235054016 0.2514529407024384
0.0
0.06485954523086546
0.09658329486846928
3.5762786865234375e-07
0.6078857541084289 0.5936880111694336 0.5999580502510071 1.0042620293796063
0.8044335246086121 0.37403199747204785
3.5762786865234375e-07
0.5786430209875106 0.5331137359142304 1.1581484712660313
0.0
0.5087846875190735
0.45556480437517166
-7.152557373046875e-07
0.6038177490234375 0.5975350618362427 0.6941272720694542 1.116900072991848
0.15757677555084226
0.0
-7.152557373046875e-07
0.7384618759155274 0.17049071192741394
0.7782084912061691 0.33246738165616985
0.0
7.152557373046875e-07
1.0728836059570312e-06
0.21256331801414485
0.0
0.7687602147459984 0.7416192889213562 0.7565753489732743 0.6784805715084076
0.13936223387718205
0.2943281412124634 0.8109348833560943
0.0
-7.152557373046875e-07
0.8119574934244156 7.152557373046875e-07
0.0
0.326566894352436
0.6940183561295271 0.7358914270997048 0.6106970585882664 0.6248633757233619
0.8407404124736786 0.11810407042503357
0.1861045002937317
0.7619260996580124 0.0
3.5762786865234375e-07
0.12856295704841614
0.11298209428787231
0.2697484254837036
0.17244835197925568
0.0
0.45719938278198247
0.0
0.11819010376930239
0.1619423419237137
0.3202570766210556
0.7316960006952286 0.4279024779796601
0.2642232835292816
-7.152557373046875e-07
0.8329363763332367 0.0
-7.152557373046875e-07
0.8406314260326326 0.6258591562509537 0.5648832678794861 0.5641390144824981 0.4457311660051346 0.6095609426498413
0.7231799244880677 -7.152557373046875e-07
0.0
0.8072197645902633 0.21094470098614693
0.0
0.07672629356384275
-7.152557373046875e-07
0.07890775203704836
0.2151356756687164
0.2172602266073227
0.5297706246376037 0.4150420144200325
0.6610237717628479 0.8022950584068894 0.7129991859197616
0.10852463245391841
0.03359954357147221
0.14902672171592712
0.0662386417388916
0.0
0.0
0.2968682914972305
7.152557373046875e-07
0.1974153488874435
0.17488029599189758
0.5548817157745362
0.7906809717416763 0.11154521703720088
0.0
0.7936986744403839 0.012360239028930686
0.4951618850231171 0.4942221999168396 0.37063642740249636
3.5762786865234375e-07
0.21783623099327087
0.0
0.0989742755889893
0.14367405176162718
0.04706504344940188
0.6481714308261871 0.5607819348573685 0.427978265285492
0.8340431898832321 0.0
0.0
0.6774895310401916
0.8269951343536377 0.0
0.6870340809226037
0.4038279309868813
0.0
0.7413605630397797 0.08388854265213008
0.329901447147131
0.0
0.4074046015739441
0.0
0.8037618041038513 0.02361983060836792
0.3552022457122803
7.152557373046875e-07
0.813819020986557 0.0
0.6057128146290779
0.010235977172851518
0.0
0.17700858414173126
0.551752147078514
0.18258700370788572 0.6287059903144836 0.47049601078033443
3.5762786865234375e-07
0.028381371498107932
0.008282005786895752
7.152557373046875e-07
0.0
0.0
0.7737281382083893 0.09124610424041746
0.6016068816184997
0.8453758060932159 0.0
-1.430511474609375e-06
0.0
0.6930723071098328 0.5273259162902832
3.5762786865234375e-07
0.0
0.8135195374488831 3.5762786865234375e-07
0.24285175800323489
0.0
0.3617385149002075 0.5438838303089142 0.62135309278965
0.7130354879423976 0.6713770728558301 0.753830786049366
0.15586908459663396
0.7253068804740905 0.3306454211473465
0.6718770742416382 0.6634375631809235 0.6332943401299417 0.5891841318458318
0.5407334804534912 0.4252380847930908 0.5025619029998779 0.6340871930122376
0.6665864288806915 0.13665814399719234
0.8728289172053337
0.07673283815383913
-7.152557373046875e-07
-7.152557373046875e-07
0.3212929189205169
0.7329949975013733 0.052385795116424605
-7.152557373046875e-07
0.27391355037689213
0.0
3.5762786865234375e-07
7.152557373046875e-07
0.3440914928913117
0.8119177307933569
0.02129122018814089
0.7134082913398743 0.19331188946962352 0.16831190586090083
1.0728836059570312e-06
0.7585589170455933 0.35388445556163783
0.44953280603513124
0.4422306835651397
0.9600924164056778 0.3915930271148682 0.6940132737159729 0.6744547367095948
0.4992262318730354
0.2457555294036865 0.5251262009143829 0.5086548745632171 0.5314277440309525
0.8202847123146058 0.1990386225283146
0.053920412063598655
0.2649632960557937
0.5814752340316772 0.6098955273628235 0.49817366600036617 0.5746996164321899 0.6968981742858886 0.6249209403991699 1.1043051809072495
0.388679176568985
0.21694449782371517
0.428740456700325
0.31507450342178345
0.0
0.03403773307800295
0.1427099943161011
0.5813187956809998 0.3932322859764099 0.5715757668018341 0.6908737316727638 0.6972655326128006
0.19063506722450252
7.152557373046875e-07
0.7781677395105362 0.31910189688205715
0.4388623714447022
0.13400165438652034
0.0
0.18158472180366514
0.18342992365360256
0.13805630803108215
0.35564016699790957
0.5593571305274964
0.29283024668693547
0.022134065628051758
0.5302568733692169 0.4900635778903961 0.46337646842002866 0.44981865286827083 0.3842542767524719 0.7383923765271903
0.5629539489746094
0.7027757823467254
0.3959664642810822
0.0
0.8564604997634888 0.5274851799011231
0.07058662176132202
0.3903736591339111
0.17956802994012833
0.8438473165035247 0.20082922428846361
0.7520523250102997 0.17425356805324554
3.5762786865234375e-07
3.5762786865234375e-07
0.028851985931396484
0.13064824342727666
0.17138223052024837
0.08407902717590332
0.7365285992622376 0.7767964109778405 0.8138859063386917
0.6872455552220345
-7.152557373046875e-07
0.6120002299547196 0.6673670575022698
7.152557373046875e-07
0.0
0.0
0.18744720816612248
0.18294969350099566 0.18598886728286745
0.737775981426239 0.06457707881927488
0.055541288852691606
0.7493628636002541 0.8212133117020131 0.7531081467866898 0.6771779716014862 0.8696022913791239
0.6850192934274674
0.3189890220761299
0.43705932497978206
0.7719453752040863 0.13384470343589783
0.6211833577603102 0.12064161300659182
0.31167751848697667
0.4727330699563026
0.8671347424387932 0.11237654685974119
7.152557373046875e-07
0.17340810298919673
0.0
0.7455572545528412 0.1850092649459839
0.08017729520797734
0.0
0.15202867090702055
0.2976057678461075
0.0
0.0
0.0
0.0
0.8237285301089287 0.34534395337104795
0.0
0.8211875289678574
0.281689690053463 0.574336426705122
0.0
0.0
0.500743055343628
0.32871857024729256
0.32698660045862193 0.9480799628421664
0.0849484443664551
0.7440718591213227
0.7218051373958587
0.7827725410461426 0.0
0.7557104527950287 3.5762786865234375e-07
0.7784169305115938
0.16329714059829714
0.0
0.09246373176574707
0.0
0.04686028957366939
0.0
0.7600845783948899 0.2132093876600265
0.14222638010978694 0.15869283080101015
0.26498399376869197
-7.152557373046875e-07
0.0
0.6550584435462952 0.45072012543678286
0.6730050027370453 0.04308187961578369
0.7710956007242202 0.09184930324554441
0.11077405810356145
0.08952740430831907
3.5762786865234375e-07
0.20066027161665256 0.1766004875302315
0.6512291073799134 0.6820131093263626 0.7196321323513984 0.6037618011236191 0.7199768915772438
0.7712776958942413 0.2887810349464417
0.0
0.5467317342758179
0.1807216659188271 0.16319141089916234
0.7509840190410614
0.5678225681185722 0.6348844930529595 0.6583523847162723
0.48604713082313533 0.5086153090000153 0.5408681094646454
0.7965279221534729 0.016338765621185303
0.18997938260436054
0.6046387106180191 0.6206634417176247 0.6372985631227494 0.6725207494571805 0.6929778724908828
-7.152557373046875e-07
3.5762786865234375e-07
0.4758124992251396 0.41624163687229154 0.8551792991464027
0.45066907405853274 0.6292598202824593 0.5755543410778046 0.5628177642822265 0.7375294633209706
0.0
0.0
0.48399053514003754
3.5762786865234375e-07 0.0
0.042787480354309126
0.0
0.10337163805961613
0.5783140957355499
0.09170006513595585 0.012393796443939231
0.8053400933742523 0.6620922982692719
0.8345729261636734 0.0
0.8381912887096405
0.6781534790992737 0.4131600186228752
0.7721026122570038 0.11779075264930727
0.1625045865774155
0.0
-7.152557373046875e-07
3.5762786865234375e-07
0.6897620558738708 0.029983997344970703 -7.152557373046875e-07 0.0 0.0
0.5538893461227417 0.7881262727081776
0.7451087415218354 0.7417371049523354
0.14974589943885808
-7.152557373046875e-07
0.38274979777634144
0.19944073557853703
0.0
0.0
0.13446295857429502
-7.152557373046875e-07
-7.152557373046875e-07
0.08898416757583616
0.8271816074848175 -7.152557373046875e-07
0.1334314405918121
0.0
0.0
0.17790286540985112
0.37756340652704234
0.19426203630864625
0.7312592089176178 0.5458462795242667
0.10195510387420659
3.5762786865234375e-07
0.5479956939816475
0.0
