0.4864250883460045 0.1515840381383896
0.5526250213384628 0.44691324830055235 0.48925433754920955 0.618721467256546
0.7340918570756912 5.006790161354857e-07
0.11044038534164424
0.5396200314164161 0.07709569931030269
0.32142944335937496 0.5324357390403748
0.739908504486084 0.33585250973701475
-7.152557373046875e-07
3.5762786865234375e-07
0.7565945573151112
0.2857427775859833 0.4574018836021423 0.44426693916320803 0.46182650327682495
0.7658590584993362 0.4216860458254814
0.3051555991172791
-7.152557373046875e-07
3.5762786865234375e-07
0.21029199361801143
0.5934746250510216 0.5085373401641846 0.4691209971904755
0.25947494506835933 0.29790193438529966 0.4126272320747375
0.7308250367641449 0.24001000821590424
0.875143332965672 0.04514851570129397
0.2610859394073486
0.04552179574966431
0.37907032966613774 0.5333661079406739 0.6184754490852356 0.6460558533668518 0.6946486830711365 0.553401118516922 0.4491853713989258 0.5834097146987915 0.11532840728759763 0.5033811092376709 0.5713793277740479 0.5754412651062012 1.0441157922148705
0.17922185063362117
0.1759482562541962
0.29850795269012453
0.18170042037963863
0.5442590355873108
0.16916275024414062
0.424861341714859
0.5483915269374847
0.0
0.7148359835147857 0.5142923891544342
0.16117620468139648
0.32383517920970917
0.2857249796390533 0.4789105817675591
0.26830399632453916
0.24893609285354612
0.7714767277240753 0.14377125501632693
0.40813558101654057
0.7231799960136414 -7.152557373046875e-07
0.22896004319190977 0.4044283092021942 0.4531284928321838
0.8017899692058563 0.0
0.0
0.37293345481157303
0.16571255922317507
-7.152557373046875e-07
0.7344411313533783 0.839940994977951 0.0
0.0
0.21471398472785952
0.02676436901092527
0.01491855382919316 0.18627810329198835
-7.152557373046875e-07 0.0 0.8902086541056633 0.5025698184967041 0.576717734336853 0.7332552134990692 0.669911801815033 0.6795576453208924 0.6297887206077576
0.5186867207288742 0.3785940110683441 0.49544668197631836
0.31216855645179753 0.5054628491401673 0.7137798853218555 0.577533882856369 0.4919344842433929 0.7097049623727798 0.5969293296337128
0.5696310430765152 0.3923035502433777
0.3894039332866669 0.3372205257415771 0.4738176345825196 0.7249276518821717
0.13622629642486572
0.29966408014297485
0.0
0.7279074966907502 0.3218458294868469
0.014610874652862593
0.5874993354082108 0.5490842878818512 0.5791312336921692 0.2695621609687805 0.8162671353900806 0.7453188708052039 0.6443558692932129
0.1244502484798431 0.11461526155471802
0.551959878206253 0.6003903836011887 0.5168437719345093 0.3019615232944488 0.5323449730873108 0.6599009305238723
0.21676910519599912 0.513719767332077 0.4511378467082977 0.693694856762886
0.4796910613775254
0.772579088807106 0.22118823826313017
0.04468870162963867
0.2391676366329193
0.39281421601772304 0.4953459680080414 0.5516757249832154 0.572061151266098 0.506336784362793
0.43672962039709096 0.10840773582458496
0.2143866896629334
3.5762786865234375e-07
0.35574887394905086
0.9898789444006979 0.16872919797897334
0.8934640318155289 0.05725703239440916
0.1726527631282806
0.0
0.5494184374809266 0.5139236211776733 0.4571924567222595 0.6297123610973359
0.14489494562149052
0.2358135938644409
-7.152557373046875e-07
0.38356292545795445 0.5609346359968186
0.5395611986517906
0.39592006206512453
0.7043244004249573 0.6352277666330337
0.29308381080627444
-7.152557373046875e-07
0.5259056985378265 0.4877935886383057 0.4290618360042572
0.670113805308938 0.5439471274614334 0.5749918282032013 0.6967708975076675
0.0
0.12968121767044072
0.41989544928073885
0.2837142884731293
0.0
7.152557373046875e-07
0.23625348210334773
0.14870562553405764
0.5670661687850952 0.0
0.14542806148529053
0.0
3.5762786865234375e-07
0.08725072145462032
0.495310640335083 0.8040770404040813 0.6223024666309357 0.5539612483233214
0.2614782147109509
7.152557373046875e-07
0.6860709376633167 0.7079521462321281 0.6548398405313491
-7.152557373046875e-07
0.250779390335083 0.1429358005523682
0.599210474267602 0.36963478326797483 0.6540901452302933 0.5799504309892655 0.6608816608786583
0.821104034781456 0.0
0.41230225563049316
0.7227992925327271 0.40055672526359554 0.4653519213199615 0.5175962924957276
0.05706632137298584
0.7345352083444595 0.16168101131916046
0.7474847447127104 0.5306885749101639 0.4646680533885956 0.7474847447127104 0.6438609480857849 0.4455613553524017 0.6833304703235626 0.06217445135116573 0.6853295087814331 0.5022899091243744 0.6639141976833344 0.4434077799320221 0.9634673044085502
0.15065649747848509
0.061430406570434526
0.04449381828308108
0.7186853054910898 0.6494374454021454 0.7149518862366676 0.7551340214908123 0.6453873902559281
0.0
0.654036819934845 0.18958978652954106
0.45268067419528957
0.4774891011416912 0.23489303588867183
0.717560201883316 0.13673357963562016
0.2839343070983886
0.19301381707191467
0.5550483435392379 0.5385445207357407 0.4518125355243683
0.5033613979816437 0.49898924827575686 0.5610743582248687 0.5325317919254303 0.6761141031980514
0.706756979227066 0.11535428166389461
0.15904989242553713
-7.152557373046875e-07
0.46291707754135136 0.47279375195503237
0.6462987661361694 -1.430511474609375e-06
0.7489569365978241 0.0
0.1941356062889099
0.5126437664031982 0.4234791934490204 0.5099326074123383 0.5265334129333497 0.5113951206207276 0.5463875472545624 0.5733924955129623
0.11989822387695315
0.0
0.60358374863863
0.5033891528844834 0.39217386245727537 0.48492408394813535 0.5224990308284759 0.42837091684341433
0.17567503452301025
0.12551581263542178
0.05354408025741575 0.0
0.8128979653120041 0.0
0.04244350194931035
0.3299567520618438
0.25779488682746887 0.2777982592582703 0.3400767490267753 0.3844874255359173 0.3007350087165832
0.40264397859573364 0.4642769694328308 0.4214976727962494 0.3544414818286896
0.0
0.4322144508361816
0.38110590428113933
0.4269446328282356 0.41677216142415996
0.5586706578731537 0.6256157547235489 0.5437270343303681 0.47091660946607594
0.2344214916229248 0.3247229516506195 0.43296802043914795
0.5047254532575607 0.5539322853088379 0.4822157442569732
0.1595222741365433
0.0
0.3973073542118073
0.7659094154834747
0.13173633813858032
0.6971222255378962 0.27807386517524724
0.0
0.0
0.12337161302566524
0.8271816074848175 -7.152557373046875e-07
0.7226696729660034 -5.722045899325678e-07
0.0
0.0
0.7731546044349671 0.18531122207641604
0.0
0.22331384420394895
0.457466933131218 0.6024278432130814 0.6251379266381264
0.40198314785957334 0.4799117267131805 0.4449614763259888 0.6220648556947708 0.5140600830316544
