0.2650543451309204 0.38350486755371094 0.4330099821090698 0.6731855392456054 0.27685108184814455 0.3572149217128754 0.6742446064949036 0.3854380071163177 0.39660711288452144 0.1335338592529297 0.9823651395738124
0.4470936536788941 0.585544228553772 0.15462524890899654 0.5810466468334198 0.19052933454513554 0.585398530960083 0.2105887115001679 0.583696711063385 0.18335342407226562 0.13111937046051025 0.4006296157836914 0.3999324023723603 0.4956176102161407 0.3347737312316894 0.026919198036193803 0.28656041622161865 0.5330064535140991 0.4431413471698761 0.47525287866592403 0.35681732892990115 0.015084886550903343 0.3870083749294281 0.5306514263153076 0.35681732892990115 0.055221605300903365 0.37995119690895085 0.4580273389816284 0.5149532318115234 0.528345274925232 0.6195492804050445 0.9195379082113504 0.6779057651758194 0.4841281950473786 0.710276660323143 0.6964738160371781 0.5824595808982849
0.20970199108123777 0.1986886382102966 0.23720661401748655 0.2134975671768189 0.40674518346786503 0.46030692458152767 0.21395385265350342 0.8963980287313461
0.413977587223053 0.24804309010505676 0.41772633194923403 0.343976366519928
0.4290525138378143 1.4305114748314196e-07 0.31636332869529726 0.3772230982780457 0.41742748618125913 0.4886937320232392
0.29753450155258176 0.47059185504913326 0.2869457840919495 0.4257180988788605 0.6874051094055176 5.722045898215455e-07 0.32570023536682124 0.5421120882034302 0.6893157958984375 0.147773551940918 0.4343727588653564 0.6686298251152039 0.25420230627059937 1.0145785957574844 0.46982520818710327 0.2565381169319153 0.3573366105556488
0.3216642260551452 0.14100571870803835 0.547221428155899 0.17613888978958125 0.3639614343643188 0.3885170698165894 0.26731047630310056 0.21502937674522404 0.6432376183569432 0.4304294228553772 0.5976833999156952 0.0915864944458008 0.991653299704194 0.570760241150856 0.3895740985870362 0.5980347216129303 0.059924101829528786 0.2571337580680847 0.06420357227325435 0.5187798798084259 0.6386607170104981 0.059924101829528786
0.41325501203536985 0.3526368200778961 0.44738790988922117 0.2336624145507813 0.20615024566650386 0.4365755021572113 0.06797068119049077 0.9856703825294971 0.4770841062068939 0.0467502355575562 0.4131808459758759 0.5875011086463928 0.16645187139511108 0.39920806884765625 0.5650460153818131 0.13785246610641477 0.9104736521840096
0.1595030546188354 0.33118568062782283 0.4616576254367828
0.24079289436340334 0.37431842684745786 0.360101455450058
0.3720971643924713 0.0 0.30040450096130367 0.5304107069969177
0.17377319335937502 0.4420916736125946 0.48929736018180847 0.4722552418708801
0.3702303469181061 0.4661133289337158 0.23375127315521238 0.38707010149955745 0.7147902846336365 0.5640175253152847 0.4585223317146301 0.7152299731969833 0.4997601389884949 0.6934848725795746 0.5334400594234466 0.5447728157043457 0.504254187643528 1.0384945830912329
0.2798554182052613 0.41926102638244633 0.5579451203346253
0.4570293009281159 0.2231571078300476 0.6143279910087586 0.44782504439353943 0.4527366816997528 0.5978315874934197 0.5061444520950318 0.5971192568540573 0.7563484728336334 0.49628134369850163 0.9079481888562441 0.5042061567306518 0.6019656985998154 0.21016817092895512 0.9079481888562441
0.12169107198715212 0.2709852695465088 0.36481870412826534
0.30004229545593264 0.36920087933540346 0.3692297101020813 0.3884951174259186
-7.152557373046875e-07
0.5777703568339347 0.13821372985839842 0.4234320819377899
0.22409899234771724 0.28854405879974365 0.5987900555133819 0.3257891535758972 0.4058382689952851
0.21505861282348637 0.019907879829406783 0.4420328319072724
0.2539774179458618 0.40330524444580074 0.13423595428466795 1.0476577952504158 0.46494641304016116
0.5612666755914688 0.2918382823467255 0.19882545471191404 0.1398594081401825 0.48103336095809934 0.3299730718135834 0.122357702255249 0.08947449922561646 0.4109695672988891 0.13861904144287107 0.9662006349535659 0.5106136500835419 0.5056905031204224 0.26906775236129765 0.2648697137832642 0.3950336933135986 0.48559445738792417 0.5392965376377106 0.22548573017120366 0.020216262340545632
0.2631232500076294 0.2286012530326843 0.3990925192832947 0.33590393066406254 0.20637273788452148 1.0867471747566015
0.43918650150299077 0.43096876740455625 0.2185871243476868 0.37871443629264834 0.45018156170845036 0.46387888491153717
0.1852299928665161 0.27473818063735966 0.40617631077766414 0.4200042188167572 0.6388263463973999 0.327953827381134 0.6391091585159302 0.1785933017730713 0.39731845259666443 0.38343289494514465 0.6155634939670562 0.39582668542861943 0.3705580234527588 0.39654006958007815 0.5529772609472274
0.5101950824260711 0.1399326682090759 0.480239599943161
0.07523770332336421 0.4360523223876953 0.512329238653183
0.6863229557871818 0.3745337724685669 0.3566957831382751 0.29212292432785036 0.34035257697105403 0.39745405316352844 0.5347007811069489 0.5101101756095886
0.2810460090637207 0.3218515455722809 0.44196715354919436 0.5423614978790283 0.6712878584861756 0.41798794865608213 0.45853723287582393 0.5210890650749207 0.4788425624370575 0.5042055904865265 0.6502417385578155 0.5207908570766449 0.45794109702110286 0.5423962533473968
0.05458337068557739 0.35417582988739016 0.5111049026250839 0.530101615190506 0.49436551332473755 0.6747498989105225 0.36973472833633425 0.5519869983196258 0.6750062286853791 0.4942210733890533 0.6521312296390533 0.24251414537429805 0.39327868819236755 0.19481854438781743 1.0473221503198147
0.2642354369163513 0.4268847405910492 0.5292209774255753
0.3410984396934509 0.36351102590560913 0.46905722022056584
0.2158825397491455 0.42596878409385686 0.023649990558624268
0.3410016179084778
0.1521471977233887 0.489122474193573 0.5135352134704589 0.46172282099723816
0.2810964465141297 0.5177739441394806 0.6704541862010955 0.36536660194396975 0.6401483654975891 0.13632601499557495 0.5148540616035462 0.5212286353111267 0.5385568141937256 0.5239609777927399 0.4451008975505829 0.4610577464103699 0.5181715965270997 1.0392910350114106
0.48115202188491824 0.21016393899917607 0.2889728665351867 0.4307996749877929
0.23704351186752315 0.36187574863433836 0.42653276920318606
0.09268496036529539 0.2756366848945617 0.12800729274749756 0.09486353397369385
0.10987857580184934 0.27949922084808354
0.4098789930343628 0.013725423812866233 0.3992734789848328 0.5335827350616456
0.28753366470336916 0.3210038065910339 0.40161571502685545 0.5544399142265319 0.13757649660110471
0.20170217752456665 0.37871951460838316 0.3264384865760803
0.5696590155363083 0.3704370200634003 0.6268216609954834 0.5465778201818466 0.543374502658844 0.6427653715014457 0.7343986064195633 0.620403653383255 0.6201960623264313 0.5815647393465042 0.6105815798044205 0.734854257106781 0.5888217151165008 0.6896385826170445 0.6105020433664322 0.7154664486646652 0.2793702483177185 0.6143306076526642 0.16583336591720577 1.0759918367490173
0.5525931596755982 0.27518020868301396 0.4666997194290161 0.5038744032382965 0.44006714820861814 0.5664250314235687 0.6503772124648094 0.6500924199819564 0.4463307440280915 0.4574239909648895 0.6509644478559494 0.48162801861763005 0.5204853117465973 0.36424461007118225 0.5213468730449676 0.496604984998703 0.3722668945789337 0.015464401245117165 1.015398214792367
0.3108298540115356 0.0428744316101074 0.5646465815603733 0.3817040979862213 0.41851325631141667 0.39065455794334414
0.3796450197696686 0.44108594655990596 0.4759771525859833 0.42748503684997563 0.3995390564203263 0.2696489095687866 0.46849223375320437 0.2792256772518158 0.5508536994457245 0.6495800614356995 0.044947481155395486 0.47751432061195376 0.6287534594535827 0.2987886488437652 1.0355268927291035 0.5350287288427353 0.4666866511106491 5.722045898215455e-07 0.9777455676347018
0.3997366011142731 0.43707239627838135 0.3195086807012558 0.16109150648117065 0.4293065786361694 0.3338579922914505 0.05501437187194824 0.4494962155818939 0.419441568851471 0.19525794386863704 0.44780930280685427 0.49717526435852055 0.5302492439746856 0.6013123482465744
0.12399170398712156 0.30920714139938354 0.3975082337856293
0.17329078912734985 0.4766725242137909 0.313179075717926
0.3480779647827148 0.5915053129196167
0.08052735328674321 0.33277779817581177 0.1936779856681824
0.11280430555343623 0.36662182211875916 0.41106739044189455
0.5424600303173065 0.13252832889556887 0.29796386957168575 0.47621390223503113 0.4790449917316437 0.28540198802948 0.5838036417961121 0.3490765929222107 0.6312671303749084 0.06907579898834226 0.5507300227880478 0.23323820829391484 0.4811339437961578
0.042865741252899214 0.4723503828048706 0.47477675080299375
0.2875226378440857 0.39933704733848574 0.2330096125602722 0.47028157114982605 0.1731187224388122
0.0608567953109741 0.3798826158046722 0.41792988777160645 0.35260192751884456
0.5686301052570343 0.315902104973793 0.42926306724548335 0.49969402551651 0.47983995676040647
0.11652169227600095
0.2309231579303741 0.4305200517177582 0.4224445700645447 0.0 0.4101760745048523 0.48963553905487056 0.4533766210079193
0.05624203681945805 -7.152557373046875e-07 0.3809300363063812 0.29530450105667116 0.5175697267055511
0.07947034835815425 0.35496901869773867
0.27967863082885747 0.4299002528190613 0.28571572303771975 0.4648449897766114 0.20532680749893184 0.6656663715839386 0.43321495652198794 0.21775944828987126 0.6644603192806244 0.29855358600616455 0.507893306016922 0.3891546666622162 0.6388690710067749 0.4534312129020691 0.2765076577663421 0.246673458814621 1.0350194707512856
0.11372457742691044 0.46374970078468325 0.3492454648017883 0.5405676454305649 0.4441390216350556 0.4850846946239471
0.3344586491584778 0.22412816286087034 0.5707238644361496 0.4865645885467529 0.7062831789255142 0.0 1.0590678911656142 0.3931276082992554 0.40903113484382625 0.5355262577533721 0.4986619412899017 0.6787716448307037 0.5398397743701935 1.0590678911656142 0.48193300962448116 0.533211487531662 0.3611978113651275 0.0 0.9943270888179541
0.19705823659896848 0.34548380970954895 0.3389497995376587 0.5332144618034362
0.25074478387832644 0.31908346414566036 0.41567332744598384 0.2920933961868286 0.39497238397598267 0.42540152668952946 0.49724872410297394 0.4005430281162262 0.44750106930732725 0.4675052106380463 0.22921023368835447 -5.722045899325678e-07 0.3760735630989075
0.24606791734695432 0.419269859790802 0.1907913088798523
0.18071199655532832 0.2985020160675049
0.4033458471298218 0.4912121295928955 0.28001922369003296 0.3630411088466644 0.44393285512924197 0.609566456079483 0.3723568141460418 0.486348170042038 0.32604068517684937 0.464864832162857 0.5059501469135285 0.4955215513706207 0.47211425304412846 0.21995025873184204 0.22966440916061404 0.9794365085661412
0.08257470130920408 0.3515680730342865 0.32353104352951045 0.43049271106719966
0.11298816800117495 0.36441574096679685 0.4378937840461731
0.12688905000686646 0.34981392025947566 0.4083454251289368
0.33480560779571533 0.4883895218372345 0.6352337658405304 0.13212890624999996 0.4386984944343567 0.5451600253582001 0.6215991765260697 0.6635800302028656 0.6310572743415832 0.6613161206245423 0.6502800941467285 0.25988496541976924 1.0926699131727218
0.35124980807304385 0.4366778373718262 0.489522248506546 0.6520111560821533 0.6055202007293701 0.5239966452121735 0.681562751531601 0.6368609249591828 0.5063777565956116 0.6811060458421707 0.6332334548234939 0.5807338804006577 0.6572556078433991 0.3763132274150849 0.2658990979194641 1.0310682248324157
0.24701483249664302 0.39074341058731077 0.21588563919067383 0.45238062739372253
0.15658565759658816 0.4421240329742432 0.48643482923507686 0.5494214236736298
0.18679370880126955 0.3280128121376038 0.4068661034107208 0.47296467423439026
0.23659831285476685 0.2719362735748291 0.3385846376419067
0.18796007633209233 0.40565695166587834 0.4713688790798187
0.2550190329551697 0.4487859427928924 0.47905919551849363 0.5359362721443176
0.3506175100803375 0.2775632858276367 0.4075174748897552 0.4475635707378387 0.39246423244476314 0.5087118685245514 0.29263599514961247 0.4814950883388519 0.23000513911247256 0.4917957663536072 0.4992299616336823 0.26984433531761165 0.0 1.013013029843569
0.2405420780181885 0.454296600818634 0.14032444953918455 0.43338665962219236 0.541671621799469
0.198160445690155 0.37429355382919316
0.41234491467475887 0.38178856968879704 0.5200326144695282 0.6233494460582734 0.7142187178134918 0.0 0.4528854370117188 0.4777250170707703 0.6910222690552473 0.6176429748535156 0.4144479990005493 0.5824693292379379 0.47315213084220886 0.3134301960468292 0.0 1.0225904308259488
0.24731431007385252 0.41008376479148867 0.4425250828266144
0.34126000404357915 0.420845878124237 0.36871725916862486 0.4176273703575134
0.19299163818359377 0.3949255645275116 0.2844362258911133 0.42355159521102903 0.4566424489021301 0.3069351851940155 0.44436816573143 0.28876972794532774 0.48728574514389034 0.3953757047653198 0.46876445412635803 0.5013061344623566 0.37954825162887573 0.2806491136550904 -7.152557373046875e-07 0.988401454128325
0.22934691905975346 0.2504859089851379 0.31250044107437136
0.09964442253112793 0.36987444162368777 0.38992026448249817
0.41252036094665523 0.0 0.43806294202804563 0.3693978071212769 0.525312465429306
0.06420668363571169 0.37747610211372373
0.2582159221172333 0.3609708726406098 0.24295409917831423 1.085704355686903 0.3660965979099273 0.14650958776474 1.085704355686903 0.46619144082069397 0.666679447889328 0.24293878078460696 0.4757779598236084 0.5045722424983978 0.6395999073982239 0.15210579633712773 1.085704355686903 0.3226927697658539 0.09630522727966306 1.028251755423844
0.00921442508697512 0.36393693685531614
0.1662186503410339 0.29526282548904415 0.3207713723182678
0.3330504596233368 7.152557373046875e-07 0.4640330672264099
0.5403887376189231 0.45053620338439937 0.7140198230743409 0.3642383992671967 0.4896467745304107 0.7150625735521317 0.44321141242980955 0.6973847627639771 0.4627309501171112 0.4379146277904511
0.26798099279403687 0.36440494656562805 0.15537481307983403 0.344002777338028 0.39132161736488347 0.5164145343005657
0.5165213406085968 0.29432044625282283 0.3748663187026977 0.3846243232488632 0.4210163116455078 0.24617966413497927 0.5215582013130188 0.49947315156459804 0.3577001571655274 0.36766335368156433 0.5112890362739563 0.6640691578388214 0.3011831700801849 0.1807817816734314 0.4892111122608185 0.33041734695434566 0.5337442040443421 0.4130828201770782 0.13037440180778503 0.09757342338562014
0.024227344989776634 0.6012287944555282 0.26348969042301174 0.17405084967613216 1.0283428713679315 0.4870367676019669 0.0905766487121582 0.36545659303665157 0.3699943602085114 0.6644253700971603 0.07894073724746709 0.45159519910812373 0.3955480456352234 0.44500207901000977
0.1931120753288269 0.4457975506782532 0.4753138363361359
0.06237243413925175 0.5038100421428681
0.42983081340789797 0.3890225887298584 0.1940953493118286 0.42418156862258916 0.3766116380691529 0.09719272851943972 1.0914309492334724
0.21615059375762935 0.5273603081703186 0.2153361320495606
0.10320247411727901 0.3423174977302551 0.3854353129863739
0.45736240446567533 0.05867290496826172 0.39633877277374263 0.5431707262992859 0.5394756674766541
0.4073684394359589 0.2622596979141235 0.4274265587329864 0.349361515045166 0.5084512412548066
0.07936390638351443 0.43343448638916016 0.092106556892395 1.077228542789817
0.45518621802330017 0.230299174785614 0.4209503471851349 0.5625446259975433 0.5750943779945373
0.3534314274787903 0.5483769714832306 0.5359096467494965 0.4238022685050964 0.5444068729877471 0.5855892300605774 0.5350084513425827 0.5334801793098449 0.22058693170547483 0.5176207333803177 0.501702731847763 0.5611079633235931 0.5383391201496124 0.14593909978866582 1.0447140462696551
0.2728618323802948 0.15105478763580327 0.28537881970405576 0.22137638330459597 0.07539174556732176 0.3784717321395874 0.26353433132171633 0.08184225559234615 0.9002318859100342 0.3388933658599853 0.3320378601551056 0.23128174543380742 0.3688963890075684 0.20688502788543706 0.49231788516044617 0.5119909107685089 0.5050967633724213 0.5058869898319245 0.5794066309928894
0.1876455545425415 0.39358544945716856 0.5276821732521058
7.152557368605983e-08 0.0 0.3569273710250854 0.4288991093635559
0.2258827447891235 0.3450741171836853 0.5080509662628174 0.15292054414749146 0.39812662005424504
0.49244968295097347 0.4509332358837128 0.3972635686397552 0.26289814710617065 0.44930734634399416 0.5631039708852768 0.5506362169981003 0.4545364022254944 0.44847896695137024 0.50708167552948 0.5013370662927628 0.4123793184757233 0.18497034311294558 0.1908111572265625
0.2802487850189209 0.33093740940093996 0.3229144215583801 1.101602154225111 0.45147024989128115
0.24077409505844116 0.16933480501174925 0.23604574203491213 0.4096350371837616 0.40453777909278865 0.46788451075553894 0.3353846430778503 0.489999794960022 0.6861173450946808 0.30354228615760803 0.6154504120349884 0.25120452642440794 1.0647907432168722
0.31827924251556394 0.06077952384948726 0.3895387053489685
0.1502540826797485 0.40023259520530696 0.39024819731712346
0.3541292071342468 0.5989534378051757 0.5396379828453064 0.6099490642547607 0.4854068577289581 0.4700278520584107 0.4407931745052338 0.8418040618300437 0.16700232028961182 0.6148845046758652 0.39999540448188786 0.21411150693893433 1.0629956901073456
0.08869805335998537 0.0 0.24669599533081055
0.4273688554763794 0.0 0.21555275917053218 0.5296124219894409
0.21455118656158445 0.3936986148357391 0.26916866600513456 0.10271285176277156 0.45502898693084715 0.20841209888458256 0.4319385588169098 0.15703976154327393 0.4723368942737579 0.17294531166553495 0.5413139462471008 0.6317737713456154 0.4893270194530487 0.5549432381987571
0.25599532127380376 0.39362621307373047 0.42996769547462466 0.1522874593734741 1.0053869217634201 0.3128051578998565 0.4846367478370667 0.13957512378692627 0.46467285156250004 0.29277698993682866 0.5916993618011475 0.1360754251480103 0.5124968528747559 0.22394318580627437 0.3823080778121948
0.22397999763488774 0.4224770665168762 0.37447006106376646 0.30436877012252805
0.17278789281845097 0.14883156418800358 0.3925074577331543 0.3202178835868835
0.4990229427814483 0.2665107250213623 0.24444516301155095 0.4472780734300613 0.3233483135700226 0.5387210309505462 0.5117170751094818 0.688467288017273 0.34203170537948613 0.6051754474639892 0.5336314678192139 0.2306490898132324 0.3581772089004517 0.32744795083999634 0.203226912021637 0.4017005503177643 0.4629925131797791 0.43371234536170955 0.07495381832122805 1.0160589102655648
0.34769297838211055 0.4471788346767426 0.45359007120132444 0.4298494637012482
0.4593483686447144 0.531750613451004 0.29410537481307986 0.4385548949241638 0.43474344611167903 0.0661339640617371 0.42761104702949526 0.4876070559024811 0.10853480100631718 0.45761187672615056 0.4484695672988892 0.5615179896354675 0.3462583541870117 0.5305085241794586 0.09331676959991453 0.361665403842926 0.4539904832839966 0.4156369507312775 0.9015828721225262
0.34763264656066895 -5.722045899325678e-07 0.4089465916156769
0.37579476833343506 0.37182000279426575 0.7138320118188858 0.6118214637041092 0.46007348299026485 0.7237426519393921 0.5887144982814789 0.5009322106838227 0.7234125941991806 0.5321570217609406 1.1098908677697181 0.3872518420219422 0.6945346772670746 0.1754298090934754 0.37734839916229246 0.31866086721420284 0.30216225385665896 1.06568593531847
0.3937335550785065 0.4145901143550873 0.35569272637367244 0.12372112274169922 0.4534885704517364 0.6414689123630524 0.0 0.27832052707672117 0.337374496459961 0.145661735534668 0.40194705724716184 0.06469432115554807 0.3797040581703186 0.40118471980094905 0.0
0.49586595594882965 0.10598220825195315 0.4323951959609985 0.5894796580076218
0.23622254133224485 0.4397564351558685 0.3665804862976074 0.5452280402183532
0.35025001168251035 0.5083632305264473 0.37243677079677584 0.5188488960266113 0.7216900765895844 0.0 0.46035410761833195 0.4397494435310364 0.7240470111370086 0.27668128609657283 0.47068048715591426 0.6925865709781647 0.3694605976343155 1.013964447658509 0.5218124836683273 0.25268809795379643 0.0 0.4358753144741059
0.13610091209411623 0.28480760455131526 0.5132273316383362
0.7516193509101867 3.5762786865234375e-07 0.3007971525192261
0.4486668467521667 0.3733748376369477 0.3541034996509552 0.40430030822753904 0.45185660719871523 0.39398275613784794 0.551566731929779 0.5631260097026825 0.2787287056446075 0.5519170671701431 0.3687476456165314 0.5413368999958038 0.3458663523197174 0.4326133728027344
0.43001452684402464 0.14334702491760254 0.30052876472473145 0.3652832508087158 0.45709061026573183 0.5805611848831177
0.510903662443161 0.45252931118011475 0.5862817764282227
0.15061165094375606 0.4229257941246033 0.41382721066474915
0.1653439283370972 0.3140226483345032 0.38123183846473696
0.07771208286285403 0.0 0.4365320563316345 0.5103265285491944
0.06214950084686277
0.38522151708602903 0.4414359927177429 0.3761104345321655 0.1369815587997436 1.0420844038948416 0.5427114784717559 0.5171176850795746 0.45460950434207914 1.0420844038948416 0.56125707924366 0.42718089818954463 1.0420844038948416 0.5699435144662857 0.2841957330703735 1.0420844038948416 0.6066946804523468 0.1791339159011841 1.042084332369268
0.4596596539020539 -1.4305114737211966e-07 0.24760141372680666
0.07155053615570073 0.3806386649608612
0.3592424869537354 0.402479475736618 0.35272665619850163 0.4596198916435241 0.4807254135608673
0.3008674383163452 0.34474880695343013 0.4653676629066468 0.38339241147041325 0.0
0.2488938689231872 0.34902120828628536 0.31137852370738983 0.44816218018531795 0.28202434778213503 0.4247333467006683 0.21482594609260564 0.533417385816574 0.48721948862075803 0.17975420951843257 0.41458896994590755 0.5056390047073365 0.30446134805679326 1.0431264431215823
0.3075431942939758 0.3873968482017517 0.27247843742370603 1.0831912584602832
0.14965336322784428 0.3829150855541229 0.40720760226249697 0.14875189065933225 0.4310874342918396
0.3176340818405151 0.30775389075279236 0.25338220596313477 0.38355232477188106 0.6301016956567764 0.10754714012145994 0.44471772313117985 0.35043132305145264 0.2918779790401459 0.17193924784660342 0.46843770146369934 0.41301769614219663 0.41947214603424077 0.40927579402923586 0.4823933899402618
0.12071491479873653 0.0 0.35038477182388306 0.4189792096614837 0.7752872105687857
0.21767822504043577 0.05823705196380613 0.402994179725647
0.31570532321929934 0.43226989507675173 0.4624737143516541 0.44724438190460203
0.37526058554649355 0.3932977557182312 0.2245856642723083 0.4340753316879272 0.5518782913684845
0.2084761023521423 0.34807962775230405
0.15861831903457646 0.34915181398391726
0.38892646431922917 0.15692610740661617 0.3166681051254272 0.46138187646865847
0.40333724617958067 0.4904457688331604 0.23544517159461975 0.5177571952342988 0.6563780725002288 0.34851117134094234 0.43658044934272766 0.48621693849563596 0.65653176009655 0.16272283792495723 0.43204054832458494 0.23568567633628845 0.47948100566864016 0.4380183100700379 0.4430140674114227
0.2815360426902771 0.5284668326377868 0.43580392003059387 0.5721505641937256 0.7232897579669952 0.45217975974082947 0.5662435054779053 0.41303130984306335 0.7233170330524444 0.4851306140422821 0.5754076361656189 0.3884239852428436 0.6199619859457016 0.43213117122650146 1.081677744537592
0.515502542257309 0.4015653550624847 0.1290757536888123 0.12154754400253298 0.12035766839981077 0.5223886251449585 0.24217607975006106 0.2854458451271057 0.19974705576896667 0.2647548705339432 0.5523266673088074 0.6295586675405502 0.6139110445976257 0.26037458628416066 0.1492124259471893 0.16612873077392576 0.5660051167011261 0.5997736155986786 0.18007827103137974 0.2466505765914917 0.2592165052890778 0.5008759170770645 0.45541880726814266 0.50236074924469 0.4357327878475189 0.1290757536888123 0.12154754400253298 0.12035766839981077 0.966146246343851
0.3815217256546021 0.33607246279716496 0.012917399406433105 0.3715167880058289 0.42102112174034123 0.5050474584102631
0.31553729176521306 0.46002411246299746 0.3849587678909302 0.3809384346008301 0.4138332068920135 0.21014598608016966 0.3919591426849365 0.1629165172576904 0.3293341398239136 0.62558234333992 0.3253210067749024 0.388228052854538 0.5703050881624222 0.36022604703903194 0.2207787871360779 1.019951531291008
0.2615004658699036 0.34268153905868526 0.35014030933380125
0.39801889657974243 0.3590126514434815 0.1807021737098694 0.4527848541736603 0.4486039876937866 0.34136775732040403
0.28223079442977905 0.3254526734352112 0.3606045722961426 -7.152557373046875e-07 0.44919645190238955
0.13359707593917847 0.4021576821804047 0.3412866115570068
0.4742520213127136
0.22035095691680906 0.527475792169571 0.24292550086975095 0.40717738270759585 0.4377423465251923
0.3787618994712829 0.584765087068081 0.4725153863430023 0.709442064166069 0.543043726682663 0.7089104801416397 0.30388301610946655 0.4421346962451935 0.30801007747650144 0.683667528629303 0.52364102602005 0.5653101056814194 0.3682349920272827 1.0596157182008028
0.47440127730369563 0.5019760072231293
0.4444140136241913 0.42903034090995784 0.42206032872200017 0.07260161638259888 0.08339256048202515 0.5347050845623016 0.40172780752182 0.3748371362686157
0.1747433423995972 0.4639629244804382 0.5224982500076294 0.36434836387634273 0.4919692993164062 0.5529372781515122
0.4873577892780304 -5.722045899325678e-07 0.446479719877243 0.3907788634300232 0.4382690608501434
0.11197749376296995 0.4494538366794586 0.44173364043235774
0.2684584617614746 0.37629909515380855 0.3523051977157593
0.2322875618934631 0.40938810706138606 0.32260428667068486 0.5001927554607392 0.15394287109375004 0.3423453211784363 0.39707539081573484 0.3880931377410889 0.7380526393651963 0.16390134096145625 0.47549048662185667 0.5209169387817383 0.37955114245414734 0.18840639591217045 0.9382859349250794
0.0910121083259583 1.0167977947741746 0.3050366580486298 0.3357856154441834 0.5702970355749131 0.4447697818279266 0.7069638580083847 0.49936621189117436 0.684489619731903 0.4968880772590637 0.47492423057556155
0.2835291624069214 0.0 0.28921627402305605 0.46707746386528015 0.4017215967178345
0.27121525406837466 0.06647553443908694 0.40260118842124937 0.46579830646514897
0.21816136837005617 0.4150019645690918 0.3790661096572876
0.4177515506744385 0.25061870813369747 0.4750552594661712 0.6412899345159531 0.25522442460060124 0.5120738327503205 0.06975959539413457 1.003753687441349 0.45696926712989805 0.21143968701362614 1.003753687441349 0.42948112487792967 0.48217859864234924 0.24988617897033694 0.4888003826141357
0.07938785552978511 7.152557373046875e-07 0.17466090917587285 0.3691559672355652 0.5187505006790161
0.06905078887939453 0.4994963884353638 0.4866623401641845 0.2610701858997345 0.4769447445869446 0.6800474047660827 0.4638627767562866 0.4960743248462677 0.4984145194292069
0.6446891844272613 0.0 0.32893915176391597 0.45480268597602846 0.42627531886100767 0.4776122093200683
0.17704051733016968 0.35386291742324827 0.34287613034248354 0.4358886063098908
0.33654505610466 0.23502866029739378 0.37455666065216064 0.1399323046207428 0.3410231530666351 0.1492547929286957 0.993391914863605 0.41980391144752505 0.15757741332054143 0.3996986865997314 0.18566083908081055 0.43113695383071904
0.62310830950737 0.21862455606460574 0.4007022976875305 0.4072543680667877 0.5742915064096451
0.24760757684707646 0.38556632995605467 0.4995623648166656 0.5976425021886825
0.16318031549453738 7.152557373046875e-07 0.3204092860221863 0.5361546039581299
0.3699115216732025 0.7646879732608796 0.4111902236938476 0.530591732263565 0.07799212932586674 0.4509790658950805 0.42859468460083006 0.5395716547966003 0.3866356492042542 0.6267421305179596 0.5351713299751282 0.025996804237365723 1.0295880507677793 0.4513305425643921
0.3679238498210907 0.0 0.40366687774658205 0.3229079842567444
0.3602688550949097 0.4933282762765885 0.4099049925804138 0.3930762588977814 0.449508649110794 0.43061773180961604 0.4594492435455322 0.5102243185043335 0.6801319539546966
0.3147397696971893 0.5937585771083832 0.4780256271362304 0.5089677631855011 0.48934023380279545 0.4826759934425354 0.6659014344215393 0.46031144857406614 0.3859185695648193 0.5902425587177277 0.5159737288951873 0.6647052764892578 0.5869443088769912 0.630510863661766 0.4029829502105713 0.5416589140892029 0.6386845767498016 0.1302762985229492 0.0 0.36907275915145876 0.5425693690776825
0.09438203573226933 0.46631138324737553 0.38445056080818174
0.5091607332229614 0.5301581203937531 0.36106982827186584 0.4671951353549957 0.5094939172267914 0.67552290558815 0.3811369836330414 0.5157310366630554 0.675531667470932 0.5193878829479217 0.5578061133623123 0.6515885591506958 0.4625572025775909 0.46204667091369633 0.29765041470527653 0.10327613949775694 0.9927709165029228
0.15679485797882076 5.722045898215455e-07 0.4117199599742889 0.4762272536754608
0.5354381084442139 0.562396165728569 0.25295677185058596
0.48075394630432133 0.6841048173606395 0.5926096647977829 0.5453806817531586 0.4627891600131988 0.6443422377109528 0.5152840733528137 0.4423997700214386 0.23147790431976323 0.43143007159233093 0.4020499587059021 0.6688057661056519 0.5425688028335571 0.21811057329177852 0.43575100302696224
0.31869413256645207 0.0 0.3215806603431701
0.37264083623886113 0.5218752086162567 0.42554774284362795 0.37977533340454106 0.1427578210830689 0.4535840034484864 0.34878776669502254 0.09104099273681643 0.42907823324203487 0.3854634284973144 0.040903353691101096 0.46528728604316716 0.4390585839748382 0.3454899370670319 0.10362231731414795 0.41332437396049504 0.5038142144680023 0.41242119669914246 0.6281413584947586 0.5586174041032791
0.31594703197479246 0.3942397892475128 0.4412362456321717 0.0783415555953979 1.042583914846182
0.393946248292923 0.3002997636795044 0.2744477391242981 0.44558289647102356 0.686413648724556
0.42264460325241093 0.4739218056201935 0.21484848856925964 0.2848302721977234 0.4256718397140503 0.6578348636627197 0.326366925239563 0.6577649414539337 0.36527541279792786 0.4324664652347565 0.6366082072257996 0.4124186635017395 0.4772690117359162 0.45087757110595705
0.2984643101692199 0.378883957862854 0.3797992169857025 0.4951828002929688 0.6665090143680572
0.08449323177337642 0.3374306440353394
0.3292611002922058 0.2498268604278564 0.17112103700637815 0.523143196105957
0.1434462070465088 0.36244539022445676
0.14482741355896 0.3327768921852112 0.4618225634098053 0.6232555001974106
0.4696031421422958 0.0 0.43845927715301514 0.3937621593475342
0.08491291999816897 0.2738442659378052 0.16014544963836674 0.46946858763694765 0.4069570124149322
0.2549607753753662 0.4541816890239716
0.2569635391235352 0.5142216205596923 0.35937754511833186 0.306183660030365
0.25529032945632935 0.556962764263153 0.6020353406667709 0.17068415880203247
0.30330305397510526 0.07298309803009029 0.19671708345413208 0.42689052820205686
0.2528722286224365 0.3332361459732056 0.5220821559429168 2.861022949662839e-07 0.4306727528572083 0.46080375909805293
0.2576599836349487
0.19881162643432615 0.35297542810440063
0.34144327640533445 0.1492331743240356 1.0185400141403078 0.3501807153224945 0.47550864219665523 0.6499848544597626 0.017009413242340066 1.0185400141403078 0.41928694844245906 0.40551307797431946 0.6501278042793274 0.11683056354522703 1.0185400141403078 0.273573100566864 0.3650872468948364 0.2008266091346741 0.3745401322841644 0.3510297060012817 0.2568590879440308 1.006584845954785
0.2674657940864563 0.35053253173828125 0.32196194529533384 0.3021972298622131 0.4207678318023682 0.619810825586319 0.32488274574279785 0.4514509022235871 0.6207406461238861 0.26905899047851567 0.9520992285571992 0.5320217609405518 0.3496536493301392 0.24735040664672847 0.3649917542934418 0.45978347063064573 0.46297266483306887 -7.152557373046875e-07 0.9780505606904626
0.3084325969219208 0.36511127352714534 0.3731134116649628 0.3546490609645844 0.6699016988277435 0.22570093870162966 0.38803345561027525 0.1321611166000366 0.4334098279476166 0.048889768123626665 0.4524085223674774 0.10288984775543208 0.9739954842254519
0.4657463937997818 0.1321274280548096 0.3530726134777069 0.4542565524578095
0.13749803304672237 0.35770235061645506 0.22447637319564817 0.27942696809768675
0.25880903005599976 0.3147794723510742 0.36225906014442444 0.4567223370075226
0.3949725210666657 0.4138724207878113 0.4493378579616547
0.2894844651222229 0.39096088409423824 0.25388051271438594
0.015101838111877486 0.3293843507766724 0.42300249934196477 0.5930069059133529
0.1886765837669373 0.22360802888870235 0.32506871223449707 0.563128125667572 0.4338565051555634
0.3475155353546142 0.3337381184101105 0.5355992197990418 0.15033454895019527 0.5398893535137177 0.2694959163665771 0.5333608150482178 0.281165075302124 0.5363930583000183 0.3777575731277466 0.2345400094985962 0.363280838727951 0.4758697867393493 0.5114200592041016 0.04976462125778203 0.27816491127014165 0.5534458339214325 0.04742641448974605 0.4082617342472077 0.5038006603717804 0.02643764019012451 0.5127065598964691 0.47748762369155884 0.30730332732200627 0.0 0.8965765193104744
0.14658424854278562 0.28879127502441404 0.45558168888092043
0.1925226390361786 0.38676927685737605 0.4922233700752259 0.4440681874752045 0.3987863183021545
0.16367877721786495 0.33108891248703 0.27331310510635376 0.4754914760589599 0.34649087786674504
0.25021271705627446 0.4276813983917236 0.5000105917453765 0.2726742386817932 0.4258611261844635
0.12332571744918819 0.4150911092758178 0.3171171963214874 0.603071665763855
0.0 0.40491658449172974
0.07952798604965206 0.3504130959510803
0.06021398305892944 0.3032803773880005 0.618477925658226
0.45499282479286196 0.35574620962142944 0.41514238715171814 0.4332641184329986 0.38672493696212773
0.6343423873186111 0.14787921905517576 0.24175596237182617 0.38187283277511597 0.3399011611938476
0.5456635653972626 0.07673680782318115 0.42554101943969724 0.44497736096382146 0.49100623726844783 0.5051299631595612
0.10173043012619021 0.273131650686264 0.517337703704834 0.6840489506721497 0.49976472258567806 0.6846128761768341 0.4538997292518616 0.32618469595909116 0.34647428393363955 0.13940899372100835 1.0785054326057435
0.16157386302947996 0.3524213135242462 0.4697700381278992 0.5220481783151627 0.48361701816320424
0.3523186206817627
0.5865944683551788 1.4305114748314196e-07 0.644209024310112 0.2191176414489746 0.5075679779052734 0.3234551787376404 0.4745527744293213
0.2686147093772888 0.7195966720581055 0.09561295509338374 0.3096708536148072
0.22946152687072752 0.560281777381897 0.5550664246082306
0.3163367748260498 0.20316001772880554 0.5743578255176545 0.145094758272171 0.578781396150589 0.41920049190521236 0.3103816092014313 0.3089886128902435 0.9455106399953366 0.5392846792936326 0.4694851040840149 0.14128349423408504 0.3844456136226654 0.4215803205966949 0.16416825652122502 0.6271276354789734 0.5068164467811584 0.1056637167930603 0.9455106399953366 0.5426082819700241 0.47722041606903076 0.6086967527866364 0.5499827325344085 0.7113849505782127 0.22976286411285396 0.9970746899023653
0.2169253468513489 0.5443642750382424 0.3793935656547547 0.4780577659606934 0.702444726228714 0.3227827548980713 0.4305136919021606 0.5171437591314316 0.26506028175354 0.547165983915329 0.6858114361763 0.2906359076499939 0.43863436877727513 0.5356398344039917
0.37338647842407224 0.4335794866085052
0.019015800952911333 0.40311538577079775
0.2263710260391235 0.1798702836036682 0.35756236910820005
0.20833899974823 0.3185928463935852 0.4124695777893066
0.3752555549144745 0.5023733913898468 0.29876182079315183 0.27221301198005676
0.5868219017982483 0.35608783960342405 0.3747034430503845 0.47214696407318113 0.359405517578125 0.318587201833725 0.4915402829647064 0.33864263594150545 0.5744495123624802 0.3190651714801789 0.4731772124767304 0.25490657091140745 1.0502747248858213
0.4326881051063538 0.3604243338108063 0.20229238271713257 0.46748366951942444 0.13671429157257076 1.051017352193594
0.46644841432571416 0.49482963681221004 0.08405437469482424 0.46816711425781254 0.42059888243675236 0.46990918517112734
0.42651094198226924 0.15326189994812012 0.24046093225479126 0.47087430357933047 0.45162259936332705 0.4328413128852844 0.3748608708381653 0.4993131697177887 0.4328897655010223 0.07307231426239014 0.3846575796604157 0.37798755764961245 0.46717500984668736 0.4741517245769501 0.4776723325252533 0.4341435551643371
-4.291534423384036e-07
0.14387359619140627 0.3122247695922852 0.21300482749938965 0.3987585067749023 0.3891979038715363 0.35544628500938413 0.4518883228302002
0.3552889168262482
0.37545623779296877 0.0 0.357659912109375 0.46651940345764165
0.1471343278884888 0.23336845636367798 0.4742170572280884 0.4966138124465942
0.2198743224143982 0.47397047877311704 0.6239460796117783
0.29130995869636533 0.30265966057777405 0.43920754790306094 0.3471615970134735 0.39575131535530095 0.4386561870574951 0.6706970930099487 0.3501372814178467 0.5002289235591888 0.6694804430007935 0.3645770788192749 0.35677673220634465 0.4006191670894623 0.6398339927196502 0.2757059812545777 0.31766431331634526 0.5320428133010864 0.5029326558113099
0.39945352971553805 0.0 0.45636302828788755
0.2741880178451538 0.5142452120780945 0.31554986834526066 0.2644507884979248 0.43958324790000913 0.5578472912311554 0.6246119976043701 0.24204548597335818 0.1571027636528015 0.4428788840770721 0.5199672818183899 0.21685338616371153 0.22454298138618467 0.5484820067882538 0.6049825489521027 0.2876027405261994 0.23706138134002686 0.5908724546432496 0.500519073009491
0.09438140392303462 0.34326990842819216 0.44743905067443845
0.42970544695854185 0.49485612511634824 0.47402754127979274 0.17420059442520142 0.4012822568416595 0.4638576149940491 0.08378789424896238 0.4235563278198242 0.3985338270664215 0.060763418674468994 0.4286285817623139 0.027606606483459473 0.4197741866111755 0.3712218165397644 0.4922996580600738
0.23933454751968386 0.4009028255939484 0.43252050280570986 0.4311342656612396
0.3606742173433304 0.0740233898162842 0.391082090139389 0.3932059407234192
0.1726696491241455 0.38391396403312683 0.42720526456832886
0.107731556892395 0.4902191758155823 0.5023370146751404 0.43483929038047786
0.11381887197494511 0.3178906083106995 0.2732110440731048 6.437301636186277e-07 0.4275293290615082
0.25875449776649473 -7.152557373046875e-07 0.40359709858894344 0.35463599562644954
0.22361551523208623 0.19215711355209353 0.4368732213973999 0.4660700380802154
0.15635519027709965 0.3336040019989014 0.6113447636365891
0.12728981971740727 0.07401406764984131 0.4804762184619904 0.5922984570264817 0.47574222683906553
0.23620702028274532 0.14491732120513912 0.23294690847396848 0.4639525473117828
0.0736635804176331 2.145767211692018e-07 0.24187617301940922 0.30095254182815556 0.46936256289482114
0.24004886150360105 0.3014848351478576 0.4197517812252045 0.18655250072479246
0.401435399055481 0.4387129724025727 0.6219091802835465 0.6276566773653031 0.7081865847110749 0.5418859958648682 0.710530161857605 0.26785923242568965 0.4063343107700348 0.45708325505256653 0.43617557883262636 0.5884251832962036 0.5680651873350143 -1.4305114737211966e-07
0.31391381025314335 0.34946972131729126 0.470785665512085 0.32274715900421147 0.5366834938526154 0.7044633209705353 5.722045898215455e-07 0.45532790422439573 0.7067872047424316 0.34278401732444763 0.44849781990051274 0.6867622911930085 0.36274933218955996 0.5424519062042237 0.3102906465530395 1.0045483015477656 0.482214766740799
0.14736043214797978 0.34425826668739323
0.1823002338409424 0.29511252641677854 0.6111277103424072
0.472040593624115 0.2860565304756164 0.3884245574474334 0.3934987187385559 0.3442094445228576 0.686601459980011
0.12636148929595947 0.3244458079338074 0.368684995174408
0.3439030468463897 0.4535618901252747 0.532155328989029 0.21679856777191164 0.4475171625614166
0.15976405143737793 1.1006321594119073 0.4254841566085815 0.2929901599884033 0.5560794323682785 0.5993879705667495
0.5663039654493331 0.514007180929184 0.694458395242691 0.6027930855751038 0.6137378603219986 0.4811164259910583 0.523501169681549 0.5032126367092132 0.5379045873880386 0.42612353563308714 0.4883207201957702 0.6320220470428467 0.6235594332218171 0.34078695178031926 0.5554046154022216 0.5181917309761047 0.5336227118968964 0.5672906994819641 0.40029023289680477 0.42531606554985046 0.4300348043441773 1.020748759433627 0.4897663533687592
0.46530063748359685 0.40291881561279297
0.3294426083564759 0.3783324539661408 0.3326895833015442 0.08340731859207151 0.5056950926780701 0.2743690609931946 0.6884732127189637 0.36350926756858826 0.47200661301612856 0.32018398046493535 0.33192012310028074 0.6594892859458923 0.2642183303833008 0.34869310855865476 0.169776177406311 1.0234716376289725
0.22496707439422603 7.152557368605983e-08 0.34079126119613645 0.4225847125053406
0.233142352104187 0.42838412523269653 0.4708311498165131 0.48198513388633724
0.4472941756248474 0.3375891387462616 0.30975518226623533 0.4882489621639252 0.2711889147758484 0.5974230468273163 0.4228733777999878 0.42559131383895876 0.685138589143753 0.35478284358978274 0.4116360545158386 0.4572771430015564 0.6627736210823059 0.33356034755706787 0.42987030148506167 0.49463363289833073 0.43431236743927004 0.4876993656158447
0.45546747446060176 0.24799619317054744 0.6147799015045166 0.21889854669570918 0.40984347462654114 0.09944518804550173 0.5582140862941742 0.4993366181850434 0.09608187675476076 0.47596669793128965 0.45701777935028076 0.15725700855255131 0.44276177883148193 0.5135326027870178 0.14956212043762207 0.7612922489643097 0.05439195632934568 0.5483220219612122 0.21465220451354983 0.9359336636960507
0.3013125717639923 0.45781890153884885 0.1392654657363892 0.3031593918800354 0.45876070857048035
0.0 0.40582752227783203
0.318183821439743 0.4078169643878937 0.14994761943817136 0.47247073650360105 0.29469754695892336 0.619785338640213 0.49730572700500486 0.4966992020606995 0.3435877442359925 0.6192969024181366 0.3069044351577759 0.4333574116230011 0.5965820968151092 0.32945358753204346 0.3984214305877686 0.43468933105468754 0.5121414959430695 0.5663142085075379 0.46140321493148806 0.46732305288314824 0.42954037785530086
0.25301668643951414 2.861022949662839e-07 0.44843560457229614 0.4000125825405121 0.5526516519486904 0.4209628403186798 0.5247587740421296 0.6996003657579422 0.43233734369277954 0.5536029219627381 0.670812863111496 0.43352997303009033 0.6292411804199218 0.5692020893096924
0.324249517917633 0.3662222504615784 0.5788699656724929 0.0 0.539258474111557 0.4166405618190765 0.5274961352348327 0.5983361065387726 0.5072799384593963 0.5667660415172577 0.5854461252689361 0.6333162397146225 0.39278891682624817 0.0 1.0125775802880526
0.2477939605712891 0.4862895488739014 0.2843272387981415 0.5834547191858291 0.4905714869499207 0.27980498671531673 0.5085765331983566 0.11599160432815547 0.582097515463829 0.425983601808548 0.7901457197964191 0.27315763831138606 0.5558421060442924 0.5086692810058594 0.19347624778747563 0.4485909938812256
0.11663117408752444 0.43240006566047673 0.44973219037055967 0.40929339528083797 0.6326897978782654 0.5193225562572479 0.48914839625358586 0.4134324431419373 0.5295610010623932 0.5008189797401428 0.5800712138414383 0.6161937475204468 0.3978641510009766 0.4180667042732239 0.07262104749679565 1.0417188111692668
0.4191349446773529 0.11547343730926518 0.38126538991928105 0.48128404021263127
0.29983372092247007 0.41043410301208494 0.2264824151992798 0.4048979997634887 0.2083052396774292 0.4126566290855408 0.2738096475601196 0.4173459768295288 0.6272284269332886 0.2234120309352875 0.33074972629547117 0.1607857465744018 0.9913084723055363
0.27740181684494014 0.3952086478471756 7.152557373046875e-07 0.36569321155548096
0.3139900088310241 0.3745968580245972 0.3336904406547546 0.2506772518157959 0.4453060865402222 0.3748995780944824 0.3523186206817627 0.45676548480987544 0.32615764737129216 0.5480182379484176 0.6837360441684723 0.3474634766578675 0.45081464052200315 0.18663738965988164 1.016273845732212 0.41594753265380857
0.17048032283782955 0.4246196985244751 0.33639983534812923 0.34236523509025574 0.5367382347583771
0.26169173717498784 0.37945594191551213 0.4533244907855988
0.11656794548034666 0.4328107893466949
0.08424190282821653 0.36644565463066103 0.4571267068386078
0.3377487182617187 0.4246916055679322 0.4875249773263931 0.10649973154067993 0.45306329727172856
0.01394199132919316 -7.152557373046875e-07 0.2826169490814209 0.3406903982162476
0.05793218612670903 0.38236373066902163 0.4688318967819214
0.2737282872200012 0.4564912259578705 0.4536859810352325 0.3086527526378632 0.09153689146041866 0.3357438683509827 -7.152557373046875e-07 0.3331015288829804 0.5029258072376251 0.49871146082878115 0.05179705619812014 0.29994130730628965 0.24143931865692136 0.3145735263824463 1.0283847577869891
0.1296105265617371
0.5061395764350891 1.4305114748314196e-07 0.22654682397842407 0.3675485849380493
0.3016153573989868 0.5231130391359329 0.45607611536979675 0.49083191752433775 0.6243388533592225 0.3101935267448426 0.4055036783218384 0.6244132399559021 0.3782839417457581 0.32181721925735474 0.4846123039722443 0.3391294956207276 0.5304387450218201 0.21876448392868042 -7.152557373046875e-07 0.5665031492710113
0.2585053682327271 0.4503720581531525 0.37244941592216496 0.41630202531814575 0.406992894411087 0.6634728133678436
0.3174959301948548 0.5115624606609345 0.3485284864902496 0.060271394252777055 0.5352095425128937 0.5088241696357727 0.679976636171341
0.3820181131362915 0.22891309261322024 0.19061154127120972 0.5119904041290283 0.175586199760437 0.30287714600563054 0.40210182070732114 0.4086728096008301 0.3806711614131928 0.16955038309097292 0.4329168856143951 0.5873994618654251 0.054720187187194846 0.32579911351203916 0.33082756996154783 0.0879928469657898 0.3278830468654632 0.10158987045288081 0.44535927772521977 0.40557070374488835 0.5880487829446792
0.4533042848110199 0.49017878174781804 0.3999259114265442 0.40635946989059446 0.36223722696304317 0.518277895450592 0.21179665923118596 0.5538307845592498 0.5048494160175323 0.3689489424228668 0.6389532715082169 0.5858129918575287 0.6321549713611603 0.48918321132659914 0.3021352231502533 0.537436580657959 0.45033906698226933 0.43242054581642153 0.9637751162052155
0.7286911010742188 -7.152557373046875e-07 0.397905957698822 0.36687539815902714
0.2687775909900665 0.0 0.3935673654079437 0.3617220282554626
0.14666073322296147 0.43888123035430904 0.45343630313873295
0.3048508822917938 0.46905750036239624 0.49474077820777895 0.455188125371933 0.5393497228622437 0.7281934887170791 0.5046103179454804 0.7277237087488174 0.3990461945533752 0.3802554249763489 0.48390281200408936 0.5604756712913513 0.47918294668197636 0.43659520149230957 0.4357733309268952 0.1449840724468231
0.27186620235443115 0.2811914324760437 0.6749103158712387 0.6128651976585389 1.0406685063615442 0.5470454812049865 0.4773535549640655 0.5342503547668457 0.4963367223739624 0.5335701644420624 0.2645826578140259 0.343532657623291 0.1883139371871948 0.9483232215046883
0.17597136497497556 0.4883573055267334 0.5511348128318787
0.4932628035545349 0.6604937493801117 0.2974235415458679
0.27540537118911745 0.5370958507061004 0.46460441946983333 0.414458441734314 0.6282925009727478 0.40421816110610964 0.4381604969501496 0.6286590933799744 0.46856201887130733 0.38648568987846377 0.6114226818084717 0.4527297019958496 0.5339878141880036 0.3096757888793945 0.18217980861663818 1.0047527831047773
0.29888640046119686 0.5100099474191666 0.20508701801300044
0.5983562409877777 0.2626203536987305 0.47987266778945925 0.4122511088848114 0.43044050931930544 0.6059217512607574
0.24978722333908077 0.6808968365192414 0.3712273299694061 0.4804562270641327 0.42125836610794065 0.4589824974536896 0.5192889332771301
0.13705352544784544 0.31353514790534975
0.06341962814331059 0.2764445900917053
0.2858016133308411 0.4348142862319946 0.2472277164459229 0.0 0.5089258193969727 0.43072374463081364
0.13238763809204102 0.0 0.3147966384887695 0.48113733530044556
0.18653349876403813 0.5204359292984009 0.3994956195354462 0.41454921364784236 0.583332023024559
0.17492796182632442 0.49967558383941646 0.3040208160877228 0.18477214574813838 0.2402335613965988 0.45345198512077334 0.517945921421051 0.623469877243042 0.38747730255126955 0.3830840289592743 0.4869020760059357 0.5442981660366059 0.4028409838676452 0.40551208257675175 1.0372633188962936 0.5581214189529419 0.35274283587932587 0.46111593842506404 0.5027701318264007 0.47993693351745603 0.5597095221281052 0.4776776939630508 0.3588337421417236 0.9760034218430519
0.3823640167713165 0.33141771554946897 0.22854114770889278 0.3905955076217651 0.18175381422042847 0.4290420651435852 0.3930318355560303 0.1542230784893036 0.4118328332901001 0.24958083033561707 0.44203877449035645 0.43931334614753725 0.42962393164634705 0.502371484041214
0.34092130661010744 0.06288938522338872 0.40552555918693545
0.17607631683349612 0.3478160917758941 0.4210886418819427
0.32355279922485347 0.08568508625030513 0.3697773098945618 0.41329089403152464 0.5482588797807694 0.5142928898334503 0.5673970758914948
0.34646792411804195 0.14850728511810307 0.4215219020843506 0.34805389642715456 0.640900605916977 0.4032365918159485 0.41041318774223323 0.6275485336780549 0.402736097574234 0.5222992777824402 0.380889767408371 0.3590676069259644 0.23679714202880864 1.022159570455551
0.2123063564300537 0.40669552683830257 0.4879952490329742 0.46426368355751035
0.2082205653190613 0.3146594047546387 0.4052671313285827 0.09241118431091311 0.39058434367179873
0.37079387009143827 0.45850057601928706 0.38202032446861267
0.24204654525965452 0.014205443859100386 0.4074303865432739
0.36457425355911255 0.37347486019134524 0.48276562094688413
0.3748153805732727 0.37885364294052126 0.16018269062042234 0.4381960213184357 0.36683039069175716 0.4310985982418061 0.6569426327943801
0.35882540941238406 0.47069772481918337 0.11584368944168089 0.4996321439743042 0.45232560038566594 0.5005745947360992 2.145767211692018e-07 0.23874943256378178 0.3561610102653503 7.152557373046875e-07 0.38728460669517517 0.3694598257541657 0.0 0.4282195508480072 0.4649647116661072 0.31784796714782715 0.5744949996471405 0.37546421289443965
0.5950168132781982 0.42771826386451717 0.3439520001411438 0.48097827434539797 0.4430812358856201
0.5415992319583893 0.6112088650465012 0.6123045861721039 0.4859432399272918 0.5383189916610718 0.6064203441143036 0.572045961022377 0.38116579651832583 0.23192548751831055 2.861022949662839e-07 0.4363643109798432 0.38747038245201115 0.21801606416702268 0.15021786689758299 0.4396706819534302 0.39519834518432617 0.2170884609222412 0.1658466994762421 0.4555532932281494 0.632843142747879 0.23192548751831055 0.16942902207374577 0.5267823278903961 0.4524208903312683 0.4984419226646424 0.447703218460083
0.05618207454681401 0.30974980592727663 0.17887738943099973 0.3921191990375519 0.3985764026641846 0.4569622695446014 0.41747848391532894 0.5065722048282624 0.4507794678211212 0.5001481235027313 0.17094438076019292 1.0475191444158554 0.3053938388824463
0.12569274306297307 0.3678456664085388 0.42225866913795473
0.33402391076087956 0.3962433516979218 0.31145120859146114 0.37125374078750606
0.02915832996368406 0.3884506165981293 0.4468167781829834 0.5097017168998719
0.19107723236083984 0.33463587760925295 0.4817142605781555
0.3619539320468903 0.56373330950737 0.5912054121494293 0.4836770713329315 0.5949107885360718 0.6492560625076294 0.32818394899368286 0.423999336361885 0.29950966835021975 0.631630951166153 0.4294825255870819 0.5263785243034362 0.5948268890380859 0.47671186923980713 0.6327254831790924 0.4487694680690766 0.3582181096076965 0.6144551992416382 0.4152774333953857 0.507487314939499 0.21058398485183716 1.4305114748314196e-07 1.009510439983569
0.662440025806427 0.18306920528411863 0.40776594877243044
0.3698644697666168 0.3652786791324616 0.485282963514328 0.4211992502212525 0.4508265674114227 0.4551211655139923 0.4851147890090942 0.33142062425613406 0.3803605079650879 0.40149719715118404 0.49552049040794377
0.42187287211418156 0.4318711042404175 0.6327523812651634 0.5483552932739257 0.48990600109100346 0.7295682728290558 0.5404717206954956 0.5002030730247498 0.7302781939506531 0.4874621868133545 0.44685174822807316 0.7057398021221161 0.4992505252361298 0.39500460028648376 0.3983300268650055 0.0 1.0756299175322055
0.34873040914535525 0.4488497138023376 0.1563798308372497 0.46170290112495427 0.39955494999885555 0.13003774881362917 0.444609797000885 0.10381617546081545 0.40638467073440554 0.4528731524944305 0.6041481733322144 0.16598761081695557 0.39625294208526607 0.3762961268424988 0.3103102147579193 1.0245536571368574
0.4226063966751099 0.0 0.388369870185852 0.5308393716812134 0.41702953577041624
0.4172667920589447 0.4075724899768829 0.5049545705318451 0.4637761801481247 0.5445496916770936 0.24047399759292598 0.44434068799018855 0.3968765676021576 0.5082192063331604 0.5478097259998321 0.5115368872880935 0.4236550688743591 0.2520831942558288 0.9619499050080776
0.3696341454982758 0.47224783301353457 0.19736880660057066 0.336905425786972 0.2116695284843445 0.5113946259021759 0.5772811651229859 0.27843819260597225 0.3526883065700531 0.14356874227523808 0.3718891620635987 0.2971421360969544 0.10320580005645752 0.3342432141304016 0.33313521146774294 0.3898162841796875 0.6328964710235596 0.08349031209945679 0.3221534252166748 0.5516218304634094 0.3006781339645386 0.5810039103031158
0.3859851896762848 0.16004410982131956 0.3928786933422088
0.23841624259948735 0.22322696447372437 0.7467027023434639 0.6237906813621521 0.7519547164440155 0.6080994874238967 0.7350458860397339 0.4572383761405945 0.7138161897659302
0.37025612592697144 0.48181985616683964 0.5523721486330032 0.5223509848117829 0.45728088617324825 0.6946553170681 0.48111289739608765 0.6954104542732239 0.4670888960361481 0.5713676065206528 0.4249097824096679 0.4548774838447571 0.23127306103706358 1.0710806977003813
0.4296587526798248 0.4304760336875916 0.45735279917716976
0.21284606456756594 0.4036481559276581 0.4375726878643036 0.487382298707962
0.4889216601848603 0.6079496026039124 0.18327021598815918 0.6119357466697692 0.453896826505661 0.40632336735725405 0.355264276266098 0.27106557488441463 0.39885356426239016 0.34343093633651733 0.5666394740343094 0.3884179770946503 0.4225577294826508 0.48898084759712224 0.6532046258449554 0.41404567360877986 0.35143726468086245 0.4091243535280228 0.49543468356132503 0.6372421264648438 0.4983730524778366 0.47365701794624326 0.48184909820556643 0.5620850294828414 0.5086256980895996 0.5519840955734253
0.2634499311447144 0.4854171633720398 0.7321590695530176 0.49761537909507747 0.6354181885719299 0.7389423906803131 0.565764331817627 0.649230569601059 0.22712693214416502 0.6453236758708953 0.4129220604896545 0.7234642237424851 0.5309540808200837 0.6357251554727554 0.16346483230590825
0.19261891245841978 0.34216316342353825
0.416318416595459 0.4822675883769989 0.39188779592514034 0.41821567416191097 0.536690354347229 0.4113256216049195 0.42415860295295715 0.4437263965606689 0.10221384763717656 0.982747544720769
0.0 3.5762786865234375e-07 0.23997476100921633 0.24117127656936643
0.2927169561386108 0.36702209115028384 0.5273532390594482 0.38417297005653384 0.5533808529376983
0.3231631815433502 0.20378936529159541 0.41568886637687685 0.48579243421554563 0.3931999325752258 0.4983371019363403 0.39430244565010075 0.6000103175640106 0.5229840636253357 0.34539318084716797 0.40097203850746155
0.25126060247421267 0.41434840559959407 0.5242326319217682 0.4981449127197266
0.14775257110595708 0.39018442630767824 0.4636364698410034
0.25850332379341123 0.07146451473236082 0.36187538504600525 0.3619180560112 0.3530705809593201
0.5693711102008819 0.4290177702903748 0.3689449101686477 0.6995675161480903 0.3993171334266663
0.06086618900299068 0.22714987993240354 0.28358439207077024
0.44523573517799375 0.3738716661930084 0.5096394896507264 0.5391833156347274 0.416485458612442 0.4739752054214478 0.39726030826568604 0.4195905208587647 0.5372648715972901 0.5486417770385742 0.5879169881343842
0.26027055978775027 0.0 0.5148996889591217 0.3565773904323578
0.47281204462051396 0.0 0.4339613258838654 0.46462440490722656 0.3962692618370056 0.48958998918533325
0.3754401206970215 0.1231527328491211 1.0173941449436825 0.31887283325195315 0.36522493362426756 0.6606260418891907 0.04941490888595579 0.38201735019683836 0.18486107587814327 0.3444758772850036 0.2524790287017822 0.3952107787132263
0.13362766504287715 0.36037833690643306 0.40172554254531856
0.2927767872810364 0.45130800604820254 0.5223655998706818 0.021881699562072754 0.4971641838550568 0.41250588595867155
0.024668002128601096 0.20603964328765867 0.27095108032226567
0.22561103105545044 0.3568765878677368
0.35326374173164365 0.2157784938812256 0.47231796383857727 0.5207835078239441 0.5251910448074341 0.6056297570466995 0.5277611494064331 0.4636979222297668 0.5522150695323944 0.49097713828086853 0.8299319565296173
0.3112847983837128 1.146622322499752 0.45177713632583616
0.28179494142532346 0.4546566903591156
0.09091362953186033 0.385207736492157 0.4122912287712097
0.13903329372406004 0.5891905575990677
0.26106806397438054 0.3518907845020294 0.36064333915710445 0.5421273440122605 0.3919020771980286 0.3221224874258042 0.3071924954652786 1.0413547709584237
0.21780741214752197 0.2826829075813293 0.17814047336578365
