0.6242283195257187 0.7178745850920677 0.7291390433907509 0.6847335159778595 0.8564061086624861
0.6395469337701798
0.5924086421728134 0.6822086177766323 0.7174858242273331
0.612299857288599 0.5657281011343003 0.5430732578039169 0.5630932301282883 0.5518561840057373
0.6481812477111817 0.6541208695620299 0.5279122985899448 0.5440667062997818 0.6965317383408547
0.7348269273526966 0.7499356184154748
0.632551009953022 0.5549281299114227
0.7011381715536118
0.8944984436035156 0.7980011025443673 0.782847770024091 0.809067503362894 0.938471133634448
0.52753766477108 0.5964246571063996 0.662364023923874 0.8675555743277072
0.33072487115859983 0.4739775478839874 0.5656346589326858
0.33428065776824956
0.37449979186058047 0.3916401624679565 0.5302053064107894 0.6902162805199623 0.622189798951149 0.6908655412495136 0.6103070259094239
0.5598559379577637 0.6768116654828191 0.7679037946276367 0.7648598895408213 0.7154413029551506 0.7587097151204943 0.7886197816580534 0.6708646327257156
0.5141862273216248 0.5810034871101379 0.6011356949806214 0.479690146446228 0.5193777859210968
0.515868553519249 0.6384307384490967 0.39339051246643064 0.5962898850440979 0.47315185070037846 0.59674773812294 0.39968335032463076 0.40182124376297 0.6209408104419708 0.41542209386825557 0.8065962851047516 0.4768735468387604
0.7307808924466371 0.7828146423446014 0.8016203081235289
0.5819515109062194 0.5505302667617797 0.34605690836906433 0.5475454896688461
0.3964808106422424 0.4931718945503235
0.5145390391349792 0.6598726093769074 0.5818106055259704
0.5067014575004578 0.42197133302688594 0.5539615273475647 0.4392377734184265 0.5479164510965348 0.9158432677388191
0.5490397900342942 0.836499008256942
0.5054539501667022
0.6598618686199188 0.7613433139398694
0.6321931837126613 0.8223874293267727 0.8154826186597347
0.7290526539087295 0.7080191802233458 0.6614710196852684 0.6576620236039161 0.6846388667821884
0.8877089060842991
0.4511276841163635 0.5533058390021324 0.6835264071822167 0.7675509126856923 0.7778758153319358
0.7625163778662681
0.6805619657039642 0.7373744241893292 0.6929841555655003 0.6189809069037437
0.5054783910512924 0.4624961018562317 0.5646097838878632 0.39829860329627986 0.5955144941806794
0.33768732547760005 0.674997615814209 0.5749871611595154
0.5428368479013443 0.6434808075428009 0.5095439195632935 0.5064139842987061 0.564974457025528 0.8367099134251476 0.4442086756229401 0.9034210125915706 0.539984567463398 0.8586007304489612 0.5935122042894363 0.4785695016384125 0.6472742572426796 0.6925932057201862 0.5584303647279739 0.7255538828670979 0.503611010313034 0.7139326648786664 0.5851882517337799 0.8266926154494285 0.5946885168552398 0.8604048239067197 0.6404554799199105 0.7859897822141647 0.5666757076978683
0.8014305887743831 0.7743626305833459
0.3101491749286651 0.4868140637874603 0.5849735170602799 0.6965748950839042 0.528816956281662 0.6965748950839042 0.4859756529331207 0.497384837269783 0.5258993446826935 0.5319826990365982 0.4262169778347016 0.6082029595971108 0.5623800545930863 0.6462316542863846 0.6991692930459976 0.7460815633647144 0.4727496683597565 0.6551180556416512 0.6381802693009376 0.604037982225418 0.543375563621521
0.3971162855625152 0.4053754091262818 0.399260687828064 0.5670013964176178
0.2981390535831452 0.5668099790811538
0.48614926934242253 0.5735724627971649 0.9638353697955608 0.49922176897525783 0.9638353697955608 0.43740218281745913 0.6926821351051331 0.9638353697955608 0.591060557961464 0.5726203441619873 0.9638353697955608 0.4491281509399414 0.5293060868978501
0.6000405460596084 0.5833257406949997 0.6349662110209465
0.2649349689483642 0.33600909709930415 0.6024877399206161
0.7108499139547348 0.7221148625016213 0.6880316227674484 0.5891520619392395 1.0976992214098573 0.47926269173622127 0.536599799990654 0.5271982759237289 0.6187864497303963 0.5027179440483451 0.6030095025897027 0.6044761836528778 0.6046515613794327 0.6760895911604166 0.658568736165762 0.8658967013936489 1.0922193450853228
0.18819018602371218 0.5444496035575866 0.558491176366806 0.4820482134819031
0.044977998733520486 0.5494558155536652 0.6191457569599151 0.5441015958786011
0.4478112876415252 0.5976623445749283 0.5920941919088364 0.5185140907764435 0.5880713194608689 0.5883748978376389 0.6700021415948868 0.5618840783834458 0.6671197801828385 0.6723214969038963 0.6691522926092148 0.9470288128592074 0.6158678486943245 0.8836956411600113 0.7901414144784212 0.7324091059621424 0.7122799378877971 0.7593919559731148 0.684134342521429 0.7463104821741581 0.7600237615406513 0.7686589227989316 0.6813464090228081 1.054892036318779 1.1511291617527604
0.6488086089491845 0.7107861325144768 0.7671898394823075 0.6749894253909587 0.7633538663387298 0.797439506649971 0.5993462979793549 0.6839683555066586
0.46044359803199764 0.4761732935905456 0.5396442651748657
0.3450057685375214 0.4641265153884888 0.6165599763393402 0.6126630455255508 0.512664669752121 0.6015116751194001 0.5168761968612671 0.44941667318344114 0.5907165676355361 0.6562197804450989 0.5963115781545639 0.4745911240577698 0.50521599650383 0.4745911240577698 0.5777691572904586 0.5246883571147919 0.5403507322072982
0.4014445066452026 0.5671240836381912 0.6317994117736816 0.7056854121387005
0.5326954573392868 0.6489029005169868 0.6827164630172774
0.527819063141942
0.6465042233467102 0.6681435205042362 0.7784528791904449
0.6276749730110168
0.663247212767601 0.6546445369720459 1.0614347852766515 0.5437400281429291 0.6693609401583671 0.5622285544872284 0.6062686949968338 0.6493324838578701 0.6439497351646424 0.7123205482959747 0.6940643362700939
0.7365457653999329 0.5853302150964736 0.5954602390527726 0.5956218481063843 0.6353437423706054 0.5730523318052292 0.5726146258413791 0.6097259402275086 1.2103061109781266
0.7302964214235544 0.6618428975343704 0.6761576145887375 0.7002597838640213 0.8282821290194988 0.8511519089806825 0.7265986755490303
0.7196730240248144
0.4773549050092697 0.4253708750009537 0.5787003755569458 0.5037300229072571 0.578580729663372 1.1463106932118534
0.19922685623168945 0.4841820120811462
0.7312161287292838 0.668741138279438 0.66603302359581 0.4859154760837555 0.7304025825113059 0.6432792186737061 0.6727629482746125 0.4730336785316467
0.8310647603357211
0.5988112568855286 0.5130531489849091 0.522897469997406
0.4159333258867264 0.5685785412788391 0.6560163617134094 0.44779651463031767
0.7283570647239686 0.6857013180851936 0.7237594687379897 0.941778638958931 0.8288038899656385 0.8268655218183995 0.8102380953729152 0.6820456687361002 0.8671063520014286 1.1658502938225865
0.4914137125015259 0.4745981872081757 0.5846519261598587 0.5365422368049622 0.5945919573307037 0.4292988836765289 0.39180261492729185 0.7654214888811112 0.4147263586521148
0.6127175699919463 0.5825042128562927
0.652775889635086 0.6901284858584404 0.792737719527213 0.6349161237478256 0.6543415285646915 0.690380011498928 0.5952142275869846 0.6656589545309544 0.7588538767769932 0.7337423704564572
0.47949216365814207 0.47145526409149174 0.638213112950325
0.6473833173513412 0.6185034990310669 0.4862322628498077 0.5729641854763031 0.5334755837917328
0.5502986758947372 0.5511140570044517 0.5496674984693527
0.6569816946983338 0.9114224553108216 0.6307527761906385 0.7139999076724053
0.6115726262331009 0.682225501537323 0.7816122688818723 0.7283213309943676 0.7930345144122839
0.5992343440651894 0.6320309460163116 0.6872158898040652 0.7203951053321361
0.5945410311222077 0.5828981257975101 0.7501414433121681
0.4572168976068497 0.562995195388794 0.4854806691408158 0.6527576684951782
0.3324890673160553 0.4342692077159882 0.5257733345031739 0.6044697552919388 0.4954608798027038 0.5465442061424255 0.5730343133211135
0.4453869551420212 0.44729763865470884 0.5094318300485611
0.4634671568870544 0.47037550806999207 0.6240443229675293 0.5332102239131927 0.6949132680892944 0.5003174901008606
0.5106887303292751 0.4638160169124603
0.40501299500465393
0.5373469471931458 0.5555824667215348 0.5800659894943238
0.26653938293457036
0.5677228257060051 0.7185338005423546
0.5571573555469513
0.5788179159164428 0.6203863486647606 0.6332940638065339 0.6804314374923706 0.6442343831062317 0.533271598815918 0.6599962845444679 0.5260115742683411 0.5677666932344436 0.6411966234445572 0.6783869817852974
0.5393797516822815 0.5513690322637558 0.5314581096172333 0.7026861488819123
0.7013781100511551 0.641230246424675 0.5646391615271569 0.6275488913059235 0.410697628557682 0.6338522680103779 0.6290189623832703 0.6875701816752553 0.7458468476310373
0.6674750566482544 0.7097165498882532 0.7923709258437157 0.8703282488510012
0.6342107273638249 0.65808298997581
0.6292818640358746 1.027873307466507
0.43504679799079893 0.49926661849021914 0.5829536437988281 0.5865580886602402 0.5892637282609939 1.0378858033567666 0.5922991573810578 1.0378858033567666 0.700623755902052 0.6129921197891235 0.5904856026172638 0.627440121769905 0.5884442538022995 0.7434710584580898 1.0378858033567666 0.6674653097987175 1.0378858033567666 0.6381626814603806
0.6639336198568344
0.5632729887962341 0.60225430727005 0.6069551020860672 0.6485755212605 0.4669641703367233 0.5363537162542343 0.5809541136026383
0.5933879554271698 0.5724205911159516 0.5953273888677358 0.6319341778755188
0.6468351423740387 0.8655229866504669
0.7591523721814155 0.7405746364966035 0.6551315482705832 0.817883274704218 0.5906785666942597 0.6509794250130654 0.7394241783767939 0.7168478734791279
0.7691482663154602 0.6939913012087345 0.67630325704813
0.16601049900054932
0.4883900105953216 0.4107742622494698 0.4008309960365295 0.5866434901952744 0.9439485386945308 0.6171126019209623 0.5448206335306167 0.9439485386945308 0.2820297837257385 0.9439485386945308 0.4178335584700108 0.9439485386945308 0.41920784264802935 0.9439485386945308 0.6713744565844536 0.44240182638168335 0.6303688228130341 0.4513214975595474
0.5001000165939331 0.7754625905305147 0.6969367444515229 0.5368079543113708 0.8785043738782405 0.4888154327869415 0.5393603950738907 0.7306507170200348 0.7220747423358261 0.7977909713983535 0.7883535653352738 0.6967188440263271 0.7669580973684788
0.42790417969226835 0.6104870766401291 0.78186138975434 0.5089480698108673 1.1470964074134826
0.8847243323922157
0.676795850135386 0.6990398913621902
0.6615773174911738 0.6419701218605042 0.7020532122813166 0.9356932317838073
0.05809310674667356 0.35495525002479555 0.49657072424888615 0.44448583722114565
0.8531716410070658 0.6240161478519439 0.9881530433893204
0.5047596275806427 0.6405304186046124 0.5681204229593277 0.7317829549312591 0.7582469329237937 0.844437450170517 0.7242418140172958 0.8244631089270115 1.2029734075069427
0.8133914075791836
0.4310600340366364 0.5922399684786797 0.6345910862088203 0.5927291654050351 0.6559499658644199 0.6053688354790211 0.7615068286657334 0.6517532013356686
0.8646145835518837
0.18881055116653445 0.5537221491336822
0.5727969944477082 0.6634995138272644 1.1842777937650681
0.464102566242218 0.561454065144062 0.5729125395417214 0.46480296254158016 0.5418928474187851
0.33109378814697266 0.48428704738616946 0.7130412861704827 0.5196028836071491 0.5249788612127304
0.5698488637804985 0.6522084275260568 0.7450637489557266 0.7441691908985376 0.7785303659737111 0.7358074437826871 0.7120778553187848 0.6291534475982189 0.6506458997726441
0.11470885276794429 0.3900653481483459 0.6747983627486974
0.5796544790267945
0.4155604600906372 0.6329876601696014
0.60558602809906 0.8359835334122181 0.7179433096200227
0.33360357284545894 0.5424060687422753
0.6450015217065811
0.35292237997055054 0.5341056287288666 0.3799484550952912 0.6044364895671606
0.6149408765137195 0.7184570912271738 0.7199360646307469 0.7174755852669478
0.7469831146299839 0.8944823400117456 0.8360723905265331
0.4296064078807831 0.6238093331456185 0.5947293356060982 0.6534814372658729
0.4804763615131378 0.5259541451931
0.6015491753816604
0.3027027487754822 0.7044458836317062
0.3321255087852478
0.575885534286499 0.7569406569004059 0.6902784422039986 0.8921134702861309 0.866044183075428 0.8406804446130991 0.7789414450526237 0.5781636446714401 0.813619478046894 0.8722339849919081
0.5012789383530617 0.7557747971266509
0.6631060853600502
0.2251667499542236 0.5769585102796555 0.7551500543486327 0.742756187915802 0.6239858463406562
0.6158581756055355
0.32834845781326294 0.4725047826766968 0.48909096717834477 0.49735947847366335 0.5470373630523682
0.49408206939697263
0.6351167321205139 0.7304950406774878 0.7112686201930046 0.6617058709263801
0.6671247933525593 0.8187281802296639 0.6288762167096138 0.6537960320711136 0.6925554838962853
0.31791018247604375 0.5153328835964203 0.33909969925880434 0.3860718607902527 0.5252341210842133 0.3943757593631745
0.5528575390577316 0.6483142495155334 0.5996643550693989 0.6033214896917343
0.4280041858553887 0.707939645787701 0.5805909276008606 0.5889915138483047 0.6664681162685155 0.5668012920767069 0.678919056802988
0.5953655272722245 0.6220355421304703
0.36038123369216923 0.7694500081241131 0.5323139734566211
0.5838733479380608 0.6158691197633743 0.6194885313510895
0.814055210351944
0.4608532071113587 0.42706964910030365 0.6407075688242913 0.7911374725401401
0.46431340575218205 0.6365552261471749
0.4723952353000641 0.6464272364974022 0.6651785127818585 0.6674667214974761 0.638457928597927 0.6871923722326756 0.672516655549407
0.650133740901947 0.8768098331987858
0.40089292228221896 0.8313672803342342 0.6014041721820831 0.7051729738712311 0.5773854151368141
0.6219699218869209
0.4676689445972443 0.6742941200733185
0.5055447161197663 0.7251389190554619 0.7250107187777758 0.8710375422611832
0.4134397149085999 0.7287615105509758 0.8830133330076932 0.45335718989372253 0.7785450562834739 0.7523702476173639
1.3462849020957948 1.2935308456420898 1.0979663491249085 1.2874948143959046 1.320793044567108 1.2914911270141602 1.2975705921649934 1.04265815615654
0.7870796382427215
0.8846017131116242 0.3448944389820099 0.7662925973534584
0.8722328543663025 0.880087248235941 0.897609518840909 0.8470213986933232 0.8893055483698845 0.7978657727129758 0.8820679865777492 1.1089084416627883
0.3834131836891175 0.7521828591823578
0.8324623703956604
0.7926348060369491 0.7582465775310994 0.8452663958072663 0.8755110427737236
0.7354065341874957
0.655441977083683
0.5298164755105972 0.5624174177646637 0.37980499267578127 0.5411773473024368 0.45330464243888857 0.6122249871492386
0.4063098669052124 0.5722118020057678 0.6468835219740867 0.5816254749894142 0.5985981585457921
0.5235931932926178 0.6634708285331726 0.7027485176920891 0.6871107220649719 0.5475246548652649
0.5296543806791305 0.7146867379546166 0.6465234383940697
0.2888234093785286 0.5582744717597962
0.6717640647664667 0.8440776515752078
0.4453372359275818
0.6465175056830048 1.3432429149746894
0.446482053399086 0.6122380547225476 0.6104015424847603 0.5501611500978469 0.46857268214225767
0.8550280708819628 0.800744253769517 0.8456234395503998
0.7619853645563126
0.9017633348703384
0.7463710173964501 0.7317990570794791 0.7441301301121712 0.7430730450898408 0.927046412997879 0.7677493914961815 0.739752191863954
0.7065493918955326 0.7617550291121006 0.8053429175168276 0.7596559092402458 0.8674246929585934
0.722396545112133
1.2122960448265077
0.7717165991663932
0.5990715391933918 0.7267818212509155
0.3283247232437134 0.6701448928564787 0.5815816849470139
0.4747883349657058 0.7105028249323369 0.624774381518364 0.5902090817689896 0.5749799609184265 0.7060351148247719 0.609340849518776 0.6138074353337288 0.7279434442520142 0.743104900047183
0.7398108877241611
0.7034599967155373
0.6653096750378609 0.9335510224103928
0.3756585121154785 0.7520963348448276 0.718257836997509 0.5417272925376893
0.3456450521945953
0.4193560391664505 0.662338099628687
0.39971061348915105 0.5895642817020417 0.5040832549333573
0.3395444691181183 0.6543295174837113
0.522003835439682 0.8333866592496634
0.5511315673589706 0.7447981014847755
0.9006812505424022 0.21101088523864742 0.7282434925436974
0.36870617270469663 0.6008302867412567 0.5844940014183522 0.7495311737060547 0.8495748274028301 0.6228367976844311
0.45506199002265935 0.7206873796880245 0.618319784104824 0.7804822230711579
0.6375507935881615
0.49282501935958867 0.594948798418045 0.5754563748836518 0.587034010887146 0.45209852457046507 0.6425943031907082 0.6100432217121124 0.630499915778637 0.5909032583236694 1.2303338587284087
0.5551878422498703 0.8149386793375015
0.6575711876153946 0.7584336839616299 0.7583744194358587
0.3407593414187431
0.5561020374298096 0.4895624399185181 0.4946905702352524
0.4934061139822006 0.7820458123460412 0.8168094504624606 0.5902534395456314 0.8779165014624596 0.8925185486674309 1.081325501203537
0.44720786511898036 0.5920588009059429 0.5300943434238434 0.48917756676673885 0.636053740233183
0.41572121977806087 0.5859683096408844 0.6248163349926472
0.7372738419100642
0.7778820991516113 0.7450689777731896 0.6269434377551079
0.8159730918705463
0.4641966462135315 0.7626907005906105
0.38059325814247136
0.4529958307743073 0.5982673212885856 0.6385371044278145
0.3764596447348595 0.7247293919324875 0.3919207781553269 0.6435262219980359 0.753920129686594 0.6602058507502079
0.33090775012969975
0.08065943717956547
0.2184272646903992
0.8176832431927323 0.820026331814006 0.7394001603126525 0.848571988940239 0.7258560478687286 0.7500104203820228
0.43508459925651555 0.3980713918805122 0.4691354155540466
0.3058852255344391 0.6513505265116691
0.43538470864295964 0.6274262070655823 0.6963162407279014 0.5852774560451508 0.5188587129116058 0.5342020452022552 0.5249719440937042
0.42434465885162354 0.607329598069191 0.38041695952415466
0.737798428349197 0.774725329875946 0.6089357763528824 0.9048789300024509 0.7897669926285744
0.44957467913627625 0.522932505235076 0.506308177113533 0.4288514897227287
0.26540439128875737 0.5533794440329075 0.739761446043849 0.5169078469276428 0.6709450095891952 0.5311055839061737
0.7354029983282089 0.18284133076667786 0.2620311260223389
0.6507487386465073
0.546435222029686 0.5618910666555166 0.8058742156252265 0.8311991736292839 0.7175824493169785 0.7688129032962024
0.51224285364151 0.7060200698673725 0.7531808257102967
0.476071298122406 0.6049864381551743 0.6478220164775849 0.5472026405856013 0.6755808964371681
0.7324512094259262 0.11206959486007695 0.6258017957210541 0.5181900262832642 0.5120620995759964
0.36056113541126256 0.5916985094547271 0.7805058819241821 0.6912766875699162 0.7457221850752831 0.5563724875450134 0.677009791135788 0.8722458451986312
0.32128570079803465 0.6408134430646897 0.5769450217485428 0.6173199102282524 0.6316985502839089
0.612764260917902 0.7134177520871162 0.5522453648038208 0.7378590345382691 0.801642768131569
0.4146995216608047 0.7255752846598625 0.7035790160298347
0.45833514332771297 0.5494657039642334
0.5724883988499642 0.6042193710803986 0.796795055270195 0.6818493798375129 0.8269824914634227 0.7204940594732762 0.7835764132440091 0.901174758374691 0.593977527320385 0.6834102906286716 0.7844420857727528 0.8536628214642406 0.705286268889904 0.7728703796863556
0.6585497319698334 0.5296715378761292 0.6061709344387054 0.5938692539930344 0.4039463043212891 0.6198772996664047 0.6728573098778725 0.7142047375440598 0.6801530763506889 0.4920393764972687
0.9819226264953613
0.43944134861230855 0.5924313932657241 0.6006294153630733
0.7866889059543609 0.40573019981384273 0.5387987196445465 0.6428120601922274
0.5030599415302277 0.6218179246410728 0.7300114221870899 0.6466993135400116
0.6936891376972198 0.8047502383589744 0.7964074954390525 0.8219533264636993 0.7565789476037026 0.7133154764771461 0.7623452354222536 0.7410807183012367
0.3297398447990417 0.8281339414417743
0.4556755661964417
0.30275290012359624 0.620564341545105 0.6251218259334564 0.5557990998029709
0.6437961803749204 0.7341978734359145 0.7895395557396114 0.7589215412735939
0.6725698351860047 0.6039787858724595 0.6490689575672149 0.5650356188416481 0.7056535542011261
0.5873381584882736 0.8455121222883463 0.9762971073389053
0.49430519342422485
0.5370918929576873 0.6264450520277023 0.7118622161448002
0.7373463820666075 0.6609952367842198 0.6744814341887831 0.6359335945919156
0.3960214853286743 0.6658166766166687 0.7087286099791527
0.3741597712039948 0.594949147105217 0.5263580977916718
0.6798490047454834 0.8355612199753523 0.9706086605787277
0.367140120267868 0.5367594987154007 0.41350259184837346
0.7422020062804222 0.637847800552845 0.7768447949551046
0.23751780986785886 0.5333080410957336
0.42807700932025905 0.5026020899415016
0.25279559493064885 0.5955907016992569 0.5687491178512574
0.21707601547241206 0.5887932494282723
0.6555905878543854 0.784913980588317 0.7255893394351005 0.7541353523731231 0.7986722512170672 0.8478816289454698 1.3783374011516571
0.543514284491539 0.6650147140026093
0.5215137884020805
0.6956958815455436 0.6870739907026291 0.6724690407514572 0.7004436403512955
0.6274194985628128 0.7792638129321858 0.6179381549358368 0.623144468665123 0.589100432395935
0.5682768672704697 0.7669354939833284
0.5740818664431572 0.6504277192056179 0.5099246241152287 0.6428767632693052 0.4897678375244141 0.7473032929003238 0.6772741675376892 0.7386914361268282
0.27946857213973997
0.2810212135314941 0.5901148557662964
0.8714700944721698 0.25625
0.8152741845697165 0.8334190815687179 0.7780326191335917
0.5034450173377991 0.7228715471923352 0.6297273367643357 0.4388675212860107 0.6553886473178864 0.46873739957809446 0.8148356279358268
0.4859981894493103
0.27479186356067653
0.8356625035405159 0.2742914319038391 0.43269622670486574
0.6049727350473404 0.7570285242050886
0.46182862520217893 0.5442413777112961 0.5959269851446152 0.6407524183392524 0.7751271568238736 0.6262587217614055
0.6220481097698212
0.8766348745673895 0.7403606235980987
0.49390633106231685 0.6746658570598811 0.5894353747367859 0.5174738883972168 0.45200726985931394 0.6498059421777725
0.6877946510910988 0.8198248884640634 0.8044656623154879 0.9085688397288323 0.6543607369065285 0.6112980023026466 0.5777889393270016 0.5611059866845608
0.3858593970537185 0.6028544694185257 0.6174373716115952 0.6232572644948959 0.5653634935617446
0.18608399629592898 0.6354873389005661
0.4964855492115021 1.296193900704384 1.0046758629381656
0.8113372050225734 0.34328262805938725 0.543405582010746
0.34213696718215947 0.5767767012119294 0.6527529329061508 0.5574488580226898 0.4902443945407867 0.5275499552488327 0.6032012701034546
0.5774951733648777 0.7518991285935044 0.709583193063736
0.6867730192840099
0.8464835315942765
0.9025104887783527 0.4480623781681061
0.49033720493316646 0.7716762691736221 0.706051854789257
0.33930255174636836 0.5325701504945755 0.5727594166994094 0.6988688230514526 0.5171864867210388
0.4788491308689118 0.7295253299875185 0.6731579235289246 0.543873730301857 0.6048221483826637
0.4773050397634506
0.6251389920711518 0.6946122273802757 0.7227229365846142 0.6822870891541243
0.5912939995527268
0.2989975988864899 0.7353625312447548
0.4768423199653625
0.24818146228790283 0.5455565571784973
0.8693361464887858
0.7372296996414661
0.5969286918640136 0.7793213039636612 0.6402036070823669 0.6250798001885414 0.6147756665945053 0.7378274597227573 0.7227826183661819 0.6695344865322113 0.5982348293066024
0.8577942475676537
0.7605079423636198 0.7614174084737897 0.7417820294387638 0.8210326310480014 0.7712415980175138 0.7442940697073936 0.8291065499186516 0.9465232998132705 0.8527020078152419 0.8634951308369636 0.8748810730874539 0.9180902253836394 0.917031872831285 0.9758122876286507 0.9124584943056107
0.8308753244578838 0.6884029358625412 0.6959326297044754 0.7284440159797668 0.7004716143012046 0.7453714936971665 0.7212467163801193 0.7280259475111961 0.7772402688860893 0.9832530587911605
0.7058028757572175 0.7330743234604598 0.7701012386009097 0.9122562736272812 0.9517443001270294 0.9935421530157328
0.9905760109424591 1.0129921227693557 0.9130953162908554
0.6886025464860722 0.783097530156374 0.6521236017346382 0.8669780120253563 0.803118634223938 0.8203462982550264 0.9318043531384319 0.9451055645942688 0.932515055174008 0.943365104496479 0.6657089605927468 0.693129163980484 0.6517961464822293 0.874282743781805 0.9362973499111831 0.8712696390226483 0.9362976307049393 0.8757685646414757 0.9268798656761646 0.8710680559277535 0.9379791076527908 0.7558026975952089 1.1931884966790676 0.8109216742217541 0.850277125928551 0.9003510437905788
0.6971311956644058 0.50168317258358 0.6418571799993515 0.8649198579601943 0.717274708300829
0.6251411087810993 0.7533174246549607
0.44999946951866154 0.5037019908428192 0.42495378851890564 0.6444438114762306 0.6587464436888695
0.5892516527324915 0.7683716639876366 0.6608262851834297
0.4508173257112503 0.5568555414676666 0.6455102860927582 0.8249249704182148 0.7213088743388653
0.5953709602355957
0.4899293094873428 0.4679119169712067 0.5134003818035126 0.794064263254404
0.7359699711203576 0.7502572074532509 0.7971138201653958 0.9283743754029274
0.8237377122044564
0.4887782096862793 0.6747582420706749 0.5828452974557876 0.6236408054828644
0.2734405994415283 0.4166545599699021 0.4807268977165222 0.7222171369940042 0.565408705919981 0.618790478259325 0.8331161379814148
0.6705783575773239 0.7707702681422234 0.7937361057847738 0.7999339595437049 0.8784372672438622 0.730762955546379 0.7992638695985079 0.757415305543691
0.6764104068279266 0.4374648416414857 0.794815656542778
0.628140227496624 0.7043951746076346 0.748714455217123 0.6443962007761002 0.6638235695660114 1.005893213301897
0.38851785808801653 0.7354536473751068 0.7979694627225399 0.7230633139610291 0.6384697882458568 0.6614776633679866
0.4766838252544403 0.5699178069829941 0.5993636697530746 0.6611651793122292 0.7948734309524298
0.41640422940254207 0.622810447216034 0.4971746981143952
0.46562738418579097 0.4856914296746254 0.8078817263245582 0.6717935919761657
0.40988655686378483 0.6664152845740319 0.5241096675395965
0.5097524255514145 0.5694692894816399 0.5723838597536087
0.7103309780359268 0.8056213490199298 0.8913865886628628 0.8123457643669099
0.5423790767788887 0.7041183605790138 0.6025039233267308
0.555255576223135 0.6342110097408294 0.5680433630943298 0.7195528835058213 0.8258397996425628 0.8294203707017005 0.7565710373222828 0.4933087766170502
0.35334355831146236 0.6157349169254303 0.5686484694480896 0.38633278012275696 0.6885201886296273 0.5184919863939286 0.6608067199587822
0.49356645271182065 0.623671455681324 0.6538661003112793 0.8919622451066971
0.44891032576560974 0.47458039522171025 0.5465184926986695 0.5980241298675537 0.5694040268659591 0.7197425298392772 0.7545174706727267
0.6517105393111706 0.7133274882566184 0.9004686430096627 0.8367908611893654
0.4778491914272308 0.5641633838415145 0.5001482605934143
0.31557077169418335
0.6295894682407379 0.7696700230240822 0.7257616084069014 0.7668118178844452 0.6813858240842819 0.7194381088018418 0.7370214030146599 0.7042535521090031 0.6624909475445747 1.0965608407510445 0.7562443611212075 1.0965608407510445 0.7016329549252986 1.0965608407510445 0.6839925825595856 0.6883951708674431 0.702675624191761 0.7681691538542509 1.0965608407510445 0.7064821474254132 1.0965608407510445 0.699112294614315 0.8004028886556626 0.7354973703622818 0.7251033887267113 0.693329407274723 0.7124253004789353 0.827822807431221 0.7735701330006123 0.7091187126934528 0.7148427635431289 0.827654206007719
0.6658593371510506 0.7057742014527321
0.4237304389476776 0.4966638863086701 0.5616515547037124 0.9919207841157913 0.9113114233128726 0.6611030921339989 0.7925072466954589 0.6480082705616951 0.42132512927055354
0.6223711182828993 0.5598822832107544 0.6261369496583938
0.7778385922312736 0.7670475155115127 0.8593822751194239 0.799084109812975 0.8828984884545207 0.763409735262394 0.8568857769016176
0.30032942891120906 0.5887962251901626
0.5670377001166343 0.7214369338005782
0.44750967659056184 0.4417674109339714 0.6819898664951325 0.6300949767231941 0.6500486314296723 0.648502767086029 0.7089602127671242 0.6045280292630195 0.5805360451340675
0.40184301137924194 0.4925989270210266 0.5018021821975708 0.873402102291584
0.7063831180334091 0.7520650424063205 0.8138107512146234 0.836263658979442 0.8188214145600796
0.30378327965736385 0.486351627111435
0.43092468976974485 0.5761093698441982 0.6149026602506638 0.6981254860758781 0.611554679274559
0.5476102560758591 0.20651011466979985 0.628647443652153
0.5642172753810882 0.7389337752014399 0.7439692288637161 0.6460209593176842 0.7252197206020355 0.6448408320546151 0.7246444188058376 0.7537436215206981 0.7247466243803501 0.7088164061307907 0.9451422214508056 0.6848963245749473 0.6690227493643761 0.796730638295412 0.6796628832817078 0.790822946280241 0.7706871345639229 0.7937424659729004
0.44619317501783373 0.8051208507909905 0.7239647945389152 0.6626806683838368 0.7188326418399811 0.7402909761294723 0.6869246035814285 0.700084338337183 0.6498679552227259
0.7376481935381889 0.5841880202293396 0.7541494756937027 0.6926694840192795 0.6804070681333542
0.7057753250002861 0.7312793456017971 0.5682852774858475 0.6275591999292374 0.5674117028713226
0.7749695051461458 0.8007614149712026 0.7465772598981857 0.6857987932860852 0.6280149959027768 1.0239621758461 0.9793042182922364 0.7161142885684967
0.6498760063201189 0.7247415348887444 0.4686281979084015 0.5739568442106247
0.5984713792800903 0.7135786525905132 0.5846902087330819 0.6341004021465778 0.6955580685287714 0.8354386046528817 0.6587320372462273 0.8131268176250159
0.8154042199254036 0.7696146519854665
0.8368940550833941
0.6501907423138619 0.6996933855116367 0.7514151588082314 0.8376582235097885 0.8947381712496281 0.7976203966885805 0.6923120126128197 0.7386262446641922 0.7446263954043388 0.6938616931438446 0.7642544277012349 0.7872969041578471 0.8055300212465226 0.7585039630532264 0.7903629157692194 0.833598486892879 0.7894569158554077 0.7378533139824868 0.7872490882873535 1.1681007897481321
0.7205825634300709
0.5975580304861069 0.6439597636461258 0.4295789375901222
0.360312569141388 0.640322408080101 0.7933378830552101
0.5375407606363296 0.6685694303363562 0.6831048723310232
0.7782609760761261 0.7468174129724503
0.5201452165842056
0.7075917135924101 0.40350025296211245 0.4990134119987488 0.5350005358457566 0.5493906915187836 0.796818508207798 0.7454284228384495 0.7236180614680052 0.6579203248023987
0.48564919233322146 0.5341711074113846 0.5600867599248887
0.7297307968139648
0.42025638222694395 0.5219007074832916 0.8310086094745202
0.48315064013004305 0.6671608120203019 0.7103514611721039
0.26177927255630495 0.43507152795791626
0.4607226729393006 0.5515794418752193 0.7983973529189825 0.8085784479975701 0.672375102341175 0.7122126936912536 0.6860138669610023
0.5892497539520264 0.6612407565116882 0.7513916343450546 0.884252718091011
0.6146815087646246 0.7897700283676385 0.6894257657229901
0.5836166817694902
0.704009735584259 0.6737688958644867
0.49778771996498106 0.6388261981308461
0.09943826198577876 0.4535077065229416 0.7475286811590195
0.68625910282135 0.728699353709817 0.8291771111194975 0.6961648732423782 0.7378148883581161 0.7991553070722148
0.4602546446025372 0.43072402179241176 0.5545673409767915
0.5022584706544876 0.6320004962384701 1.3092442959547044
0.7522520773112774 0.746265559643507 0.6747172735631466 0.6973388554062694 0.8025847250595689 0.7407387137413025 0.7044174194568769 0.7880529500544071 0.7906409967225045
0.7003920081071555 0.6865276485681534 0.6973495174199342 0.7661590315401554
0.796098479628563 0.7519915893673896 0.7347562208771705 0.787932526320219
0.5093210737220943
0.6749019108712673 0.7619845852255821 0.7737477764487266 0.6611357994377614
0.7801078699529171 0.7945808701217174 0.8931488670408726
0.779823079239577 0.7707012592814863 0.5730594664812088 0.8265468313358724 0.6844999328255653
0.6646667063236237
0.3497980952262878 0.599209126830101
0.7118873596191406 0.6295011013746261 0.592283621430397 0.7301851719617843 0.8026974515058101 0.6832717075943947 0.7228261291980743 0.7461788238957524 0.6327578902244568 0.7042259380221367 0.7513955205678939 0.9298506617546082
0.4924027040600777 0.526971971988678 0.5987181663513184 0.504055854678154 0.7207162667065858
0.3457336306571961 0.636872012913227 0.6721161022782326 0.7443835571408272 0.7774828180670739 0.7966179080307484
0.4450855731964112 0.5864781349897384 0.5079246759414673 0.5455562025308609 0.6287868648767472 0.6676665365695953 0.7699502270668745
