4.291534423384036e-07 7.867813109907473e-07 -5.722045899325678e-07 3.5762786865234375e-07 0.0 -7.152557373046875e-07 0.11855689883232112 0.11254777908325198 0.11950979232788084 0.1345734238624573 6.437301636186277e-07 7.152557368605983e-08 0.0 0.0 0.0 0.0 0.03394049406051636
0.3794730961322784 0.46558585166931155 0.4613681733608246 0.5014052987098694 0.5368547081947327 0.46079534888267515 0.6145806431770324 0.511259013414383 0.5373155951499939 0.23945249319076534 0.30874266624450686 0.453250116109848 0.5534969002008439 0.18145758509635923
0.5668232560157775 0.5927822887897491 0.5173060655593872 0.563494211435318 0.452779495716095
0.12643220424652102 0.4526383578777313 0.5472392290830612 0.25328429937362673 0.4044603705406189 0.47833422422409055 0.5893496930599212 0.49322875738143923 0.42438442707061763 0.4609936118125916 0.4875309050083161 0.4981548666954041 0.4506572008132934 0.5248054623603821 0.4872730314731598 0.7304763957858086 0.5980345159769058 0.6805536970496178 0.525951474905014 0.662026897072792 0.6037903457880021 0.6798499226570129 0.5573376804590225 0.7099622055888176 0.612008073925972 0.5854423105716705 0.6760252445936203 0.6090526044368744 0.6833045512437821 0.6856325268745422
0.5103354215621948 0.19236117005348208 0.18793597668409345 0.18541963547468188 0.3045052051544189 0.13378785252571102 0.14584226012229917
0.31299231946468353 0.2397439301013946 0.40798845589160915 0.41218889057636265 0.25042079687118535 0.28689422905445094 0.2731894254684448 0.4780349493026733 0.7166824534535408 0.6367390841245651 0.5905038256198167 0.6943092904984951 0.5236448287963867 0.5917556464672089 0.42286137044429783 0.49975335597991943 0.5639304339885711 0.6225348353385926 0.6054970353841782 0.5026331037282944 0.5717856019735337 0.4463217854499817 0.5716790974140167 0.4368985772132874 0.7027906835079193 0.6303301125764846 0.6154970966279507 0.5917740792036057 0.5036371439695358 0.45495221316814427
0.053992605209350564 0.5446987152099609 0.6564566850662231 0.6441962391138076 0.7133668966591358 0.4343519985675812 0.2925884008407593 0.3622506558895111 0.7370767086744309
0.6682392284274101 0.5613659203052521 0.4216128766536713 0.689191335439682 0.5880598813295365 0.8094268826767802 0.6317149341106415 0.6009574234485626 0.6084229797124863 0.6015965729951859 0.6657533213496208 0.6255019694566727 0.5741527885198593 0.6650776535272598 0.6770569056272506 0.6477524429559708 0.6247351095080376 0.5365663230419159 0.5307666897773743 0.463198047876358 0.6056181013584137 0.5337942123413086 0.5870562627911567 0.5539503663778305 0.6065176725387573 0.5607497215270996 0.6006895124912262 0.49935081303119655 0.5771294474601746 0.5573395192623138 0.5799671053886414 0.6088816732168197
0.22112669944763186 0.5406966209411621 0.5694440007209778 0.5398489594459533 0.5299906551837921 0.5513802647590638 0.5702257633209229 0.540162855386734 0.5750957906246186 0.37256201505661013 0.5597713232040405 0.6341893941164016 0.5277524590492249 0.6115060895681381 0.5899979621171951 0.6464585959911346 0.6828217774629592 0.5821191281080246 0.6346974551677704 0.5793972343206406 0.6327240586280822 0.6048286408185959 0.6156596958637237 0.596594175696373 0.6645421147346496 0.5818880915641784 0.639663689956069 0.6123069167137146 0.6201267033815384 0.5811564147472381 0.6190448954701424 0.6086527526378631 0.6367558240890503 0.5804390639066697 0.5950177282094955 0.6718151330947876 0.5710730701684952 0.5435015082359314 0.5943455219268798 0.6221218556165695 0.6226637452840805 0.5312664151191712 1.0192635720130057 0.7691061697900295 0.677171042561531 0.6053173512220382
7.152557373046875e-07 0.288021183013916 0.3632575929164886 0.020642113685607866 0.6794355168938637 0.5114692866802215 0.5881139099597931 0.7245691239833831 0.6340265899896622 0.6965813159942627 0.6609383821487427 0.5252285540103913 -7.152557373046875e-07 0.0 -7.152557373046875e-07 0.03574768304824827 0.11855725646018977 0.11254777908325198 0.11950985789299007 0.13556764721870418 7.152557373046875e-07 0.0 0.0 0.12617304325103762 -7.152557373046875e-07 0.0 0.10182076692581177
0.03523906469345095 0.16121517419815068 0.5285459488630295 0.4801884651184082 0.3898648858070374 0.16477619409561162 0.33876856565475466 0.49541066288948055 0.39838534593582153 0.37816448807716374 0.19094740152359013 0.3957495570182801 0.4801884651184082 0.4518917918205261 0.5682217836380005 0.5611985892057418 1.1373224437236786 0.5686066567897796 0.645656281709671 0.5790607452392578 0.6664091378450394 0.72249486297369 0.770896558649838 0.5817619353532791 0.6947827368974686 0.5691430330276489 0.47537789344787595 0.5510737895965576 0.5363078773021698 0.49935540556907654 0.6659620374441146 0.6175921261310577 0.7620861565694212 0.4805918455123901 0.8154480800032615
0.3782941728830338 0.4177215337753296 0.5287509858608246 0.6440520137548447
0.38367599844932554 0.23878750205039978 0.2247796773910522 0.4277501940727234 0.5639237239956856
0.23518580198287964 0.45183491706848145 0.6091088235378266 0.3962577521800995 1.001249205291242 0.36692355871200566 0.4468515992164612 0.4929170548915863 0.6240783005952835 0.44382697343826294 0.6995201215147973 0.7209219500422478 0.45597511231899257 0.662042647600174 0.6725968240294605 0.5705936849117279 0.5405231416225433 0.5787588596343994 0.42511547207832334 0.4152398586273194
0.6605386704206466 0.5879958122968674 0.6105013400316238 0.6234880268573761 0.6606752008199692 0.6742375433444977
0.10272682905197139 0.6276623964309692 0.33118392229080196 0.23839760422706602 0.5098852813243866 0.5862119913101196 0.5551387548446656 0.5471242398023606 0.5611199706792831 0.498539251089096 0.5233524173498154 0.457725590467453 0.4782343447208405 0.5950712040066719 0.6225544035434722 0.5604254484176636 0.4372573077678681 0.44720228314399724 0.4238156139850616 0.4372573077678681 0.4763322114944458 0.5844913959503174 0.5776429414749146 0.4777979016304016 0.6708805948495865 0.5278495073318481 0.5894468873739243 0.47532802224159243 0.38523719310760496 0.4889000505208969 0.5143000185489655 0.43482622504234314 0.38523719310760496 0.42078146934509275 0.5180311799049377
0.009345722198486284 0.5567031860351562 0.20918009281158445 0.5080270171165466 0.5563497513532638 0.024999570846557573 0.012018251419067427 3.5762786865234375e-07 0.04431780576705935 0.0 0.14317659139633176 0.14768442511558533 0.4013408780097961 0.5265225410461426 0.5857586711645126 0.6573457360267639 0.552137303352356 0.5892337143421174 0.40767512321472166 0.7060819447040558 0.5458390116691589 0.4388295233249664 0.5924780040979385 0.41537597179412844 0.6574665859341622 0.5950019806623459 0.7439207077492028 0.5654397070407867 0.5329903423786163 0.5287015438079834 0.554896691441536 0.6474051415920258 0.5713024079799652 0.3361494421958924 0.5041750848293305 0.36462926864624023
6.437301636186277e-07 0.29123268127441404 0.24217170476913452 2.861022949662839e-07 0.5148683980107307 0.4290752649307251 0.4426334977149964 0.5480799660086632 0.40333010554313664 0.4222696125507355 0.4381584465503693 -8.583068846768072e-07 0.0 -7.152557373046875e-07 -7.152557373046875e-07 7.152557373046875e-07 3.5762786865234375e-07 -7.152557373046875e-07 0.0 7.152557373046875e-07 7.152557368605983e-08 0.0 0.0 -5.722045899325678e-07 0.17433098554611204 0.18154135942459104
0.1957852840423584 0.43721861243247984 0.604615893959999 0.405966454744339 0.4338852524757385 0.7354771673679352
0.010779130458831832 0.017580604553222634 2.861022949662839e-07 0.6025985658168793 0.5900148391723633 0.7002796322107315 0.6775186970829964
0.28095878362655635 0.08629879951477049 0.0854567289352417 0.5051017701625824 0.5415919542312622 0.5422530084848404 0.5336991429328919 0.5535080671310425 0.6429782569408417
0.29261863231658936 0.2550555467605591 0.46597411632537844 0.391333544254303 0.5175028502941131 0.5887364625930787 0.4826486647129059 0.5280388653278351 0.49351926445961003 0.568726870417595 0.5892811089754104 0.5719378232955933 0.5795084148645401 0.42659379243850704 0.5877095401287079 0.6492100834846497 0.39073966741561894 0.2041384935379028 0.29132407903671265 0.47824190258979793 0.28021332025527956 0.4314615786075592 0.45736650228500364 0.23145458102226257 0.3682071566581726 0.6165551722049714 0.34696538448333736 0.5131872057914734 0.5520072698593139 0.6433719605207443 0.4907006025314331 0.6396406680345536 0.6795009255409241 0.5630679488182068 0.6176694005727768 0.5311815142631531 0.5328450500965118 0.5774246841669083 0.5473385393619538 0.6770578920841217 0.5826987355947495 0.4717464804649353 0.6789485096931458 0.6740772098302841 0.5423963837325573
0.5033200711011887 0.5927678108215332 0.0 0.026370871067047164 -7.152557373046875e-07 0.38331564068794255 0.416653698682785 0.48744890093803406 0.413854968547821 0.4891287505626678 0.6625250652432442 0.4275371730327606 0.4655201494693756
0.34575257301330564 0.3108617782592773 0.471512895822525 0.5547567754983902 0.3108536660671234 0.39515553712844853 0.45429949760437016 0.4813536882400513 0.5301279604434967 0.512756210565567 0.511425930261612 0.48262004852294926 0.44107245802879336 0.4670010328292846 0.4639889180660248 0.5042938113212585 0.4733426302671433
0.10256319046020512 0.5880242109298706 0.4011018753051758 0.5601781666278839 0.6584120005369186 0.2673821568489074 -7.152557373046875e-07 0.15550646781921384 0.3533546566963196 0.4135497629642486 0.3106836318969727 0.6387927204370498 0.21462509632110593 0.4952994823455811 0.5974359750747681 0.5341035842895507 0.4832182347774505 0.37621834874153137 0.2550438225269318 0.2907404482364655 0.3954232335090637 0.4598353862762451 0.5099866449832916 0.4924211442470551 0.5417847871780396 0.39879755377769466 0.5029431164264679 0.5072754859924317 0.518342599272728 0.520659762620926 0.5228836238384247 0.29150885343551636 0.5177659511566162 0.41280946135520935 0.43906804323196413 0.6635108768939972 0.041983401775360085 -7.152557373046875e-07 0.14514285326004028
-7.152557373046875e-07 0.46534392833709715 0.6013242870569229 0.24411989450454707 0.41482750773429866 0.4880898892879486 0.32111563682556155
0.1559983491897583 0.027761352062225297 0.1774510145187378 0.20331392288208006 0.0 1.4305114748314196e-07 0.0 -5.722045899325678e-07 0.4013241648674011 7.152557368605983e-08 3.5762786865234375e-07 0.5759141385555268 0.45110571980476377 0.5138115227222443 0.4814306020736694 0.5072538733482361 0.4915111184120178
0.045018684864044145 0.3099527359008789 0.4228813648223877 0.5610260367393494 0.15317785739898682 0.002518892288208008 0.09710223674774165 0.10996050834655757 0.1013384878635406 0.12993775010108943 0.10635663270950313 0.0 0.12566145658493044 0.22339055538177488 0.5229567259550094 0.6261053085327148 0.5787280708551407 0.6722526967525482 0.5105406880378723 0.5179890871047974 0.5456881374120712 0.2587340772151947 0.19092989563941953 0.1482073843479157 0.2083821654319763 0.27003257870674136 0.2722062110900879 0.6237579822540283 0.6068540304899216 0.43937883377075193 0.5536100596189499 0.6232191294431686 0.5919259428977967 0.6331979274749756 0.4197871685028076 0.27573911547660823 0.5498236626386642
3.5762786865234375e-07 5.722045898215455e-07 -8.583068846768072e-07 2.861022949662839e-07 -1.4305114737211966e-07 0.07945055961608882 0.11855697035789492 0.11254770755767818 0.11950985789299007 0.13556764721870418 7.152557373046875e-07 0.0 0.0 0.0 0.0 0.13894232511520388 0.18092600703239436
0.3000185042619705 0.33324030637741087 0.3944665253162384 0.6316685318946839 0.6241621404886246 0.27360728979110716 0.5349216401576996 0.4874067425727844 0.4229560256004333 0.5473512530326843 0.6474342465400695 0.7107046961784362 0.6857365667819977 0.6998049154877662 0.2816112101078033 0.4995480895042419 0.26389322280883787 0.36783896088600154 0.5015774369239807 0.49780594408512113
0.21739823818206783 0.1469839572906494 0.16284813582897184 0.16247583031654356 0.2506048589944839 0.3712474584579468 0.506717985868454 0.4137993097305298 0.47642686367034914
0.06463767290115352 0.46039860844612124 0.3747303366661072 0.22913805246353147 0.668433390557766 0.410792487859726 0.34528263807296755 0.3072241485118866 0.3381377518177032 0.4348097622394562 0.27106649875640865
0.06460011005401611 2.145767211692018e-07 0.028868007659912154 0.2805075109004974 -7.152557373046875e-07 0.0 0.10544695854187014 0.009040737152099632 0.0 0.23977493047714238 0.22690572142601018 0.39731053113937376 0.26966895461082463 0.3152652263641358 0.32317371666431427 0.2991269826889038 0.30987970829010014 0.4141628563404083 0.5028742492198944 0.5858850330114365 0.5753031730651855 0.39045403003692625 0.18446214199066158 0.4399196624755859 0.5312425494194031 0.6348283410072326 0.5050709128379822 0.42862243652343746 0.567111648619175 0.4991252779960632 0.5130175590515137 0.5884843051433564 0.46944266259670253 0.4804589807987213 0.5789728105068207
0.29644209146499634 0.4421851217746735 0.5371330797672271 0.5506872862577439 0.529185026884079 0.5345967411994934 0.34284413456916807 0.5334002196788787 0.5566708475351334 0.43432184457778933 0.42849027514457705 0.4962540745735169 0.6460612893104554 0.5395088732242584 0.4783802032470703 0.5308499693870544 0.6556175738573075 0.5390245318412781 0.49555609226226804 0.5460948407649994 0.3054007709026336 0.2674989223480224 0.12036154270172117 -7.152557373046875e-07 0.0 0.2713714122772217 0.07421543598175051 0.12515608072280882 0.3254726558923722 0.4363785028457642 0.5527457267045974 0.41969861388206486 0.029821765422821 0.03661497831344607 0.045348954200744584 0.5311183750629425 0.645243227481842 0.4499342679977417 0.5107438266277313 0.5394491136074067 0.6098881810903549 0.5163302719593048 0.5478994280099869
3.5762786865234375e-07 0.41221961975097654 0.2948624789714813 0.26835958361625667 2.145767211692018e-07 0.009700012207031206 3.5762786865234375e-07 0.0 0.0 0.0 0.12566145658493044 0.4736151278018952 0.5374914646148682 0.5376602053642273 0.6055846154689789 0.5050929546356201 0.5803383409976959 0.24233528375625613 0.1689855992794037 0.18319514393806458 0.42245878577232365 0.4829362690448761 0.6229962855577469 0.5776139795780182 0.5282027363777161 0.6470775485038758 0.5393188655376434 0.6384528398513794 0.5282027363777161 0.16279333531856532 0.20612235069274898 0.36960291564464565 0.6452216843143106 0.49915594458580015 0.49936650395393367 0.57843776345253 0.5800575852394104 0.5529060006141663 0.5638585984706879 0.5203142940998078 0.6810910016298294 0.5199477195739746 0.622813555598259
3.5762786865234375e-07 0.57573961019516 0.6389335632324219 0.5886950016021728 0.44115762710571294 0.5341095209121705 0.638206398487091 0.4842795610427857 0.07061867713928227 0.8089765295386314 0.0344728469848633 0.027551352977752686 0.11855725646018977 0.017356503009796187 -7.152557373046875e-07 0.0 7.152557373046875e-07 0.0 0.0 0.0 -1.4305114737211966e-07 0.7087107390165329 0.8306162461638451 0.5197614669799805 0.6171351313591004 0.8415634903125465 0.5129094123840332 0.39601154327392574 0.4984098434448242
0.30904284715652464 0.3778818190097809 0.5791784226894379 0.5135263860225677 0.7723984867334366 0.48463737964630127 0.5295908749103546 0.7068817853927613 0.5832016378641128 0.39803338050842285
0.3393368810415268 0.5701879739761353 0.6223612278699875 0.5522772252559662 0.5259431362152099 0.5076018095016479 0.6526687324047089 0.7345123298466205 0.6636270016431809 0.5225849866867065 0.6394593477249145 0.668333449959755 0.6840904086828232 0.5480744540691376 0.4708630800247192 0.5701879739761353 0.6223612278699875 0.5522772252559662 0.5259431362152099 0.5076018095016479 0.6526687324047089 0.7345122583210468 0.6636270016431809 0.5225849866867065 0.6394593477249145 0.668333449959755 0.6840904086828232
0.39453828930854795 0.35300981998443604 0.34206752479076385 0.35122063010931015 0.45486893355846403 0.544575896859169 0.7463840782642365 0.7183318600058556 0.6357164025306702
0.3572995334863662 0.6184136494994164 0.3763422548770905 0.5432217955589295 0.5815222144126893 0.38544966578483586 0.4825705349445343 0.49327191710472107 0.6000458389520645 0.4563563227653503 0.5242205560207367
0.3755633115768433 0.124536269903183 0.15828762650489803 0.15199052095413212 0.5043597862124443 0.42715032100677486 0.4709277093410492 0.43133627176284794 0.45998110175132756 0.6415250658988952 0.46784565448760984 0.5089010953903198 0.5528018146753311 0.5363294869661331 0.6853832617402077 0.544763496518135
0.19687818288803105 0.39742926359176634 0.43416756987571714 0.27142007946968083 0.480320256948471 0.511063152551651 0.36072584986686707 0.402409839630127 0.4692352086305618 0.5768041104078293 0.1532716572284698 0.4869104743003845 0.48465553522109983 0.5124758005142211 0.4690777659416199 0.40365664362907405 0.5840955674648285
0.5017598807811737 0.5317242622375489 0.5349582955241203 0.6463158518075943 0.5687573820352554 0.5820379734039307 0.71135119125247 0.6123727470636368 0.6504342138767243 0.7343959957361221 0.6089551270008087
0.30751557350158687 0.550817608833313 0.5830710381269455 0.5474749982357026 0.59765465259552 0.4400046288967132 0.35126047730445864 0.3177954196929932 0.5138104647397995 0.5349883228540421
0.40602806210517883 0.12125562429428105 0.34225151538848875 0.46231183409690857 0.6512855470180512 0.461757504940033 0.5669675558805466 0.36028170585632324 0.48149572610855107 0.35881475210189817 0.44493873119354244 0.6181287229061126 0.44265751838684086 0.6112198799848556 0.5458430379629136 0.6386973708868027 0.6456088900566102 0.8515889819711446 0.5210370808839798 0.5910088449716568 0.537497752904892 0.5690864622592926 0.5064131379127502 0.49567666053771975 0.4832370936870575 0.4686527788639069 0.5789920836687088
0.488983815908432 0.5130043447017669 0.643044936656952
0.1356764912605286 0.15457807779312138 0.2533136963844299 0.28582866787910466 0.4734007537364959 0.2555212259292603 0.4647453337907791 0.47241747677326207 0.25860482454299927 0.2265473246574402 0.5593541696667671 0.25862290859222414 0.23291279077529903 0.1284125089645386 0.42059145569801326 0.44374271631240847 0.6071171283721923 0.36100865006446836
0.24723837971687312 0.5544248759746552 0.4514911562204361 0.20039462447166445 0.17132536470890047 0.12887530326843266 0.1254403710365295 0.16207824647426605 0.17321428954601292 0.15867171585559847 0.12186058163642888 0.1607238709926605 0.5519926488399506 0.5737530678510666 0.642484113574028 0.5690749496221542 0.518592843413353 0.41446636319160457 0.5761378347873688 0.5625356614589692 0.603408721089363 0.5277864336967468 0.3615151580423117 0.41971202641725536 0.3477114707231521 0.36348015666007993 0.44301195144653316 0.4506302922964096 0.36590630123391743 0.34402001351118083 0.37291636243462567 0.27077592015266416 0.5855970621109009 0.5622988343238831 0.5781871631741524 0.5315772712230682 0.6385566681623459 0.5647925138473511 0.621345043182373 0.540436977148056 0.6037340551614762
0.1267406523227692 0.22339246869087215 0.26068897843360905 0.016526222229003906 0.5024032711982727 0.5820655882358551 0.6447772651910781 0.22780033349990847 0.2239679038524628 0.2956639528274536 0.38385131359100344 0.3852037191390991 0.25413951873779295 0.3539027631282806 0.4173136204481125 0.4039781570434571 0.2867814302444458 0.27222452163696287 0.27909563779830937 0.21781610250473027 0.4097315907478333 0.45329779386520386
0.17829904556274412 0.3539007008075714 0.32208673954010014 0.7586129471659661 0.3972916841506958 0.47901595830917354 0.3593941450119018 0.5461489498615265 0.6349907249212265 0.08032838106155393 0.3587765395641327 0.6263215094804764 0.5936147600412369 0.6280386537313462 0.5277674257755279 0.5147579371929168 0.4251879394054413 0.4736286163330078 0.3004614472389221 0.3928825736045838 0.5750823080539703 0.5349083662033081 0.46847026944160464 0.6205609470605851
0.44647957384586334 0.16069066822528844 0.1791112452745438 0.15783238410949707 0.4182502835988998 0.5470181480050087 0.5483705431222916 0.5283202052116394 0.7669530808925629
0.15207309722900386 0.2790589779615402 0.35831403732299805 0.32263880372047427 0.4001294732093811 0.44259564280509944 0.5439111739397049
0.21733961701393123 0.0539897084236145 0.3566906213760376 0.5681198596954345 0.3390811204910278 0.38827770948410034 0.577384141087532 0.519184672832489 0.6008292943239212
-7.152557373046875e-07 0.30241866111755367 0.5530079126358032 0.5186018824577332 0.42623103260993955
-7.152557373046875e-07 0.00768734216690059 0.08739486932754514 0.09477941989898686 0.0039448976516723855 -1.430511474609375e-06 0.2611100852489472 0.23924695253372197 0.035645484924316406 0.13498676419258115 0.08739544153213497 0.13083803057670595 0.09644500017166135 0.09768812656402592 0.43798971772193906 0.09729725122451782 0.09329748153686523 0.08872522115707393 0.21698300242424007 0.24322949647903447 0.20568746328353882 0.43798971772193906 0.19704431295394897 0.2613618910312653 0.28763953447341917 0.2634271144866943 0.15315737128257756 0.3338489413261414 0.9272651612758637 0.4155194163322449 0.4429238021373749 0.4492084622383118 0.569920839369297 0.5708045244216919 0.5375885188579559 0.545098078250885 0.6165671139955521 0.441884595155716 0.5519111335277558
0.0 0.04937466382980349 0.4729943394660949 0.1531779289245605 3.5762786865234375e-07 -1.430511474609375e-06 -7.152557373046875e-07 0.4288122177124023 3.5762786865234375e-07 0.0 0.039225208759307906 0.0 0.0 0.42878389954566953 0.4856845736503601 0.5571338355541229 0.2924416303634644 0.2790836334228516 0.031817841529846236 0.18573458194732662 0.38697686791419983 0.4466056525707245 0.5104906737804413 0.4164181470870971 0.5561149656772614 0.4171082258224488 0.5699356734752655 0.4555406510829926 0.5312530726194382 0.5064091145992279 0.0859846949577332 0.2599105358123779 0.10494951009750364 0.2282361507415771 0.32560515999794004 0.09584617614746094 0.1013385593891144 0.4627233266830444 0.29794107079505916 0.440880274772644 0.42822222709655766 0.5049619257450104
5.006790161354857e-07 5.722045898215455e-07 -7.152557373046875e-07 2.145767211692018e-07 0.05170991420745852 0.06246148347854619 4.291534423384036e-07 2.861022949662839e-07 -7.152557373046875e-07 0.0 7.152557373046875e-07 0.0 0.0 0.0 -2.861022949662839e-07 0.0 0.06788063049316406
0.2524982452392578 0.44573179483413694 0.43117621541023254 0.37482655644416807 0.6295674979686737 0.4463595032691956 0.47946391105651853 0.4330075860023499 0.7246506333351135 0.7152500972151756 0.583093635737896
0.4919241696596146 0.3863691449165344 0.8800204264000058 0.8480019859969616 0.7338211193680764 0.5729588806629181 0.519051530957222 0.49398303329944615
0.4414896726608276 0.6175745394080877 0.4890025377273559 0.3795025527477265 0.6620925098657608 0.6513554722070694 0.5275830745697021 0.6472870469093323 0.6201808750629425 0.5809123784303665 0.6276430502533913 0.6362355470657348 0.46611849069595335 0.4688309848308563 0.5909645617008209 0.4918725430965424
0.20779435634613042 0.46503406167030337 0.30659029483795164 0.17535311579704282 0.3652989327907562 0.5410144656896592 0.5926384776830673 0.5098224878311157 0.45615686178207393 0.46539034098386767 0.45816676616668706 0.614626482129097 0.6358034878969192 0.5801627486944199 0.6227811336517334 0.32415862083435054 0.14699815511703496 0.17053986787796016 -7.152557373046875e-07 0.0 0.08146909475326536 0.6485297501087188 0.7116397261619568 0.43507018089294436
-7.152557373046875e-07 0.19098837375640865 0.3868851780891418 0.34073814153671267 0.15547220706939702 0.5830865800380707 0.5305210292339325 0.542581582069397 0.5554204404354095 0.6285168409347535 0.612834894657135
0.1964731097221375 0.1333410978317261 0.3534399807453156 0.5475981771945954 0.3086749970912933 0.5064818680286407 0.5107576608657837 0.6536484122276306 0.5684974551200866 0.6281621277332305 0.5798062711954117 0.598720845580101 0.5430996060371399 0.5422096371650695 0.5960036844015122 0.519870662689209 0.5344753831624984 0.10324788093566895 0.33728119134902956 0.6402426660060883 0.5485352635383606
0.0 0.41269659996032715 0.5807016730308533 0.304429292678833 0.6536147892475128 0.11488337516784664 0.14131655693054201 0.0 0.002966976165771462 0.16694755554199214 0.4758410394191742 0.5345019519329071 0.43941187858581543 0.6038390129804612 0.5172330975532532 0.5276849269866943 0.657042083889246 0.5746394395828247 0.5912328958511353 0.42640125155448916 0.6558534115552902 0.6091769814491272 0.5788412928581238 0.2540265083312988 0.4217136681079865 0.6458255887031555 0.34992122650146484 0.4262102663516998 0.5332413643598557 0.5765033602714539 0.4251060009002685 0.39860634803771977 0.4802550673484802 0.4770420670509339 0.6150637656450272 0.009570622444152854 0.1622646450996399
0.005576717853546187 0.40772302150726314 -2.861022949662839e-07
0.29048848152160645 0.1349271535873413 0.0850901246070862 0.1523610591888428 0.2421719193458557 0.46995799541473393 0.4961850762367248 0.3855128705501556 0.43888151049613955 0.4469982385635376 0.5044218003749847 0.4436209321022033 0.6619703203439713 0.6469113528728485 0.5692080140113831 0.4204769730567932 0.5410211086273193 0.5650595724582672 0.44542185217142105 0.5480507910251617 0.5303185939788818 0.5760588645935059 0.5022899746894837 0.6007347941398621 0.5822577774524689 0.583605295419693 0.6406507074832917 0.5571510702371597 0.6764481231570244 0.4754950821399688 0.6145227253437042 0.5829092919826507 0.650597658753395 0.5919231116771698
0.5616225242614746 0.38501109480857854 0.501426351070404 0.08164051771163938 0.09442632198333745 0.14555127620697017 0.1944588780403137
0.3309039384126663 0.33790007121860977 0.49266044497489925 0.4902819067239761 0.2681959301233292 0.5306426003575325 0.4737099885940552 0.529319503903389 0.5773789882659912 0.5340651594102382 0.5950710564851761 0.6624368485063314 0.5512041747570038 0.4709342002868653 0.49748992919921875 0.49795717000961304 0.5127898335456849 0.5682557553052903 0.6361919641494751 0.5306986719369888 0.7573920682072639
0.2713019847869873 0.31910260617733 0.4949183464050293 0.4721541583538056 0.5826768428087234 0.5641712278127671 0.4873623788356781 0.5921470209956169 0.6085917979478837
0.07461534738540654 0.0 -7.152557373046875e-07 0.1921381950378418 0.008153307437896773 0.13007435798645017 0.2538728713989258 0.330550628900528 0.67129937261343 0.4500370502471924 0.6327350020408631 0.43699208498001096 0.5592655211687088 0.5773716390132904 0.49502705931663515 0.447284996509552 0.4594252914190292 0.550043123960495 0.5784111440181732 0.5860364675521851 0.027761352062225297 0.13447659611701968 0.08739544153213497 0.1308384597301483 0.09644500017166135 0.09768812656402592 0.43798986077308655 0.09729725122451782 0.09329748153686523 0.03783791065216069 0.1084114789962769 0.2642366349697113 0.30325685739517216 0.43798986077308655 0.2904981017112732 0.3939388275146485 0.2719345033168793 0.2720295667648316 0.2246459722518921 0.6878430366516113 0.4518039286136627 0.48821017146110535
3.5762786865234375e-07 0.19446439743041988 0.055015075206756636 4.291534423384036e-07 0.007007503509521507 2.861022949662839e-07 0.0 0.0 -1.4305114737211966e-07 0.09581658840179441 0.2950914025306701 0.4457006394863129 0.4634812951087952 0.5866701871156692 0.500609564781189 0.6522249579429626 0.5180757522583008 0.5123981714248658 0.5424420833587646 0.613547857105732 0.5735245764255523 0.475621509552002 0.5483492136001586 0.6197455674409866 0.1943084508180618 0.2345009565353393 0.5436899423599243 0.4315541803836822 0.5757812082767486 0.607347109913826 0.5709599077701568 0.603419029712677 0.5637814044952393 0.5183761417865753 0.6200333267450333
0.4763415336608887 0.6339183121919632 0.36826839447021487 0.34234619140625 -1.0013580322709714e-06 0.02365996837615969 -7.152557373046875e-07 0.12512817382812502 0.11855725646018977 0.11254777908325198 0.11950972080230715 0.13556771874427798 7.152557373046875e-07 0.0 0.0 0.0 -4.291534423384036e-07 0.11523993015289302 0.1806708157062531
0.43186488151550295 0.44801808595657344 0.520279198884964 0.3775595158338547 0.757641752064228 0.6715196764096618 0.5561466038227081 0.5393147706985474 0.22863388061523438 0.04813971519470217 0.378984659910202 0.2984639525413513 0.32780669331550594 0.43606376051902773 0.428999537229538 0.5956053912639618 0.6138869643211364 0.5514528751373291 0.563416588306427 0.45320702791213985 0.5815231278538704 0.48753409385681157 0.5018228113651275 0.4900688707828522 0.6320310145616531 0.5777764320373535 0.6121789336204528 0.5501872777938843 0.5199162840843201 0.3791367471218109 0.657658988237381 0.6704026252031327 0.6557613104581833 0.613399600982666 0.6190108537673951 0.571260741353035 0.5502340435981751 0.5852946162223815 0.6908388406038284 0.5895316481590271 0.6913209035992622
0.5642701148986816 0.504100626707077 0.5270098298788071 0.46681428551673887 0.6644916132092475 0.6145688503980636
0.2998490631580353 0.5952645242214203 0.5041348159313201 0.4944517552852631 0.46533679962158203 0.6320460587739944 0.544815617799759 0.5265739560127258 0.5509203761816025 0.5962760478258133 0.5759996086359024 0.6733972251415252 0.4878121018409729 0.4654217720031738 0.5288398444652558 1.1398493856191636 0.6517156273126602 0.6082420229911805 0.5866435527801513 0.49649931788444523
0.40166289210319517 0.31003431677818294 0.3220560163259506 0.3442850261926651 0.38601372167468073 0.612037381529808 0.3974580049514771
4.291534423384036e-07 3.5762786865234375e-07 0.13056523799896236 0.1249650895595551 0.16016693711280827 0.1664921283721924 0.11855697035789492 0.13308407664299016 0.13271359801292415 0.14548810720443728 0.139942342042923 0.12577058076858516 0.12793588638305664 0.13071435689926147 0.1111416220664978 0.1752077460289001 0.1806707441806793
0.05175263881683345 0.38560159802436833 0.42302495837211607 0.12957993149757385 0.14870413541793825 0.2819031357765198 0.488557904958725 0.5922466859221458 0.600582292675972 0.3260683596134186 0.34090102314949033 0.5114463984966278 0.5413396537303925 0.48603922724723814 0.5241971671581268 0.7734025951474905
0.6101358205080032 0.5265834212303162 0.590857270359993 0.5079309612512588 0.6269453406333924 1.0271994033828378
0.25856258869171145 0.16049353480339046 0.15408598184585576 0.15782878100872044 0.3539983332157135 0.43254345655441284 0.49202122092247014 0.36927207708358767 0.5913592517375946 0.4561490058898926 0.5157868385314941 0.3731921076774597 0.5117614924907684 0.46190379261970516 0.42393922805786133 0.4298839271068573 0.4328432202339172 0.5982129275798798 0.460705292224884 0.6813852593302727 0.6451642602682114 0.4870422720909119 0.605042091012001 0.5628151535987854 0.5083363890647888 0.5449204355478287 0.7132073394954205 0.5951825201511383
0.3842217862606049 0.5614359110593796 0.4919296145439148 0.43412857055664067 0.44887514710426335 0.599484595656395 0.3493070662021637 0.5589964091777802 0.47098209857940676 0.63721973747015 1.068418425321579
0.5620972484350204 0.4024341940879822 0.41988125443458557 0.46827475428581233 0.5705004513263703 0.5458355486392975 0.5538225889205932 0.3621510624885559 0.4175126671791076 0.5676426649093628 0.4468485593795777 0.6651997715234756 0.5171400129795074 0.5495191007852555 0.6198183178901673 0.6090550720691681 0.3518497526645661 0.5910893708467484 0.43996918201446533 0.5539817959070206 0.42580927610397334 0.551779618859291 0.4381091475486756 0.4994547158479691 0.6056717805564403
0.41391704976558685 0.10847504138946529 0.24595195055007935 0.4323405921459198 0.39684986472129824 0.32550168633460996
0.12956756353378296 0.5203316748142243 0.37827396392822266 0.5368607193231583 0.5266522884368896 0.4027257680892944 0.4644125044345856 0.5098977208137512 0.7426029875874519
-7.152557373046875e-07 0.24802238941192623 0.35730596184730534 0.30053503513336177 0.40044060647487645 0.46319819092750547 0.5040108680725097 0.5447245001792907 0.5825141727924347 0.5612422347068786 0.6016896009445191 0.5143655657768249 0.5866220146417618 0.6211621701717377 0.5511622190475464 0.5084114789962768
0.1829506754875183 0.24090018272399905 0.21032305955886843 0.45182750225067136 0.4244852185249328 0.7849367965012789 0.4746443867683411 0.4941474735736847 0.63640216588974 0.26468634605407715 0.15885487794876096 -1.144409179643091e-06 0.1416508615016937 0.4878555357456207 0.4453395664691925 0.4743910223245621 0.46553435921669006 0.5491418421268464 0.5618141531944275 0.6065423280000687 0.4918810188770294 0.4328860938549042 0.5509337216615677 0.6749127164483071 0.6130205154418945 0.543051153421402 0.5527641654014588 0.5623276472091675 0.5812491491436959 0.5401341676712036 0.5098682641983032 0.4749316453933716 0.5307137191295623 0.2567403435707092 0.27124202251434326 0.23898696303367617 0.1880082428455353 0.21559987664222713 0.16745442152023315 0.4691612720489502 0.23829518556594853 0.1590633034706116 0.23450716137886052 0.2323710441589355 0.298853212594986 0.30205589532852173
0.07725178003311162 0.26370708942413335 0.34938985109329224 0.3677707135677337 0.07881982326507564 0.19415707588195796 0.20267647504806519 0.29970588684082033 0.2734379172325134 0.23497686982154842 0.2513229131698609 0.23828007578849797 0.4482230007648468 0.5305831223726273 0.6061040550470352 0.5581092715263367 0.5140415072441101 0.5757013946771622 0.5175053894519805 0.5997267171740532 0.49670867323875423 0.4145135432481766 0.3512077689170837 0.4572433829307556 0.481057021021843 0.18198838233947756 0.2733835279941559 0.35967597365379333 0.42606412768363955 0.24036782383918764 0.30059246420860286 0.33258880078792574 0.25927788615226743 0.3189258903265 0.5335844337940217 0.5519253313541412 0.48396693468093877 0.4089022934436798
0.05701313018798826 0.3033171176910401 0.375666081905365 0.019595193862915083 0.5177456080913544 0.6074494630098343 0.5538725912570953 0.500086885690689 0.49876174628734593 0.44861535429954524 0.09610002040863042 0.1317816138267517 0.1120671153068542 0.14694397449493413 0.13150078058242798 0.14243587255477907 0.13693006634712224 0.15329786241054533 0.14384047389030452 0.13635851740837102 0.14102082252502446 0.1397374331951141 -5.722045899325678e-07 0.3465813517570495
4.291534423384036e-07 0.3722029805183411 0.5169126451015472 0.2042650699615478 0.1511221766471863 0.048825979232788086 0.20965565443038936 0.44298136830329893 0.49996687769889836 0.502808129787445 0.46378048658370974 0.5262684643268585 0.47659326195716856 0.6765552729368209 0.5574965327978134 0.5545314610004425 0.48492366373538975 0.5927373677492142 0.4863737463951111 0.517028060555458 0.4047941118478775 0.4577599942684174 0.38840632140636444 0.3212696045637131 0.2616226732730865 0.5092279106378556 0.6510508999228477 0.6325101107358932 0.5421732604503632 0.5903628408908844 0.5520150363445282 0.6477749735116959 0.5831722557544708 0.6361168146133422 0.5320453524589539 0.5916306912899018 0.5823128014802933 0.3689947187900543 0.5177611529827117 0.5787469923496247 0.5426558136940003 0.4398546129465103 0.7592068262398243 0.5592711806297302 0.6380468457937241 0.5812727391719819
0.4422129571437836 0.08462897539138792 0.08935605287551884 0.12092201113700862 0.3155217468738556 0.45972682833671574 0.48556126058101656 0.4487410843372345 0.700157299824059 0.4407134294509888 0.40560412406921387
0.3343522667884826 0.3378781020641327 0.3294313848018646 0.3786334156990051 0.3813380718231201 0.4020202994346619 0.3787029981613159 0.44145627021789546 0.2710689783096314 0.42052634060382843 0.5046436548233032 0.6248267203569412 0.6233502924442291 0.7686091281473637
0.09415473937988283 0.4288857460021973 0.46955306529998775 0.29368666410446165 0.3207015752792358 0.16587396264076237 0.2658628702163697 0.4045367896556854 0.42205078601837154 0.5474167943000794 0.3614472866058349 0.5489258646965027 0.47143231034278865 0.5139134526252747 0.48436148762702946 0.5014773488044739 0.43112614154815676 0.49578564763069155 0.5552996575832367 0.4301887094974518 0.3562014818191528 0.3974864840507507 0.4408307552337647 0.2299227058887482 0.3446617126464844 0.07906900644302373 0.2995813608169555
0.1371839940547943 0.46916132271289823 0.5348018527030944 0.5565950542688369 0.5412525713443757 0.7084498934447765 0.5869941756129264 0.5888884633779525 0.5695848405361176 0.66189523935318 0.5977527588605881 0.59135981798172 0.7021829657256603 0.583150851726532 0.5963876456022262 0.6227979466319085 0.6178126394748688 0.6733530797064304 0.7051852658390999 0.5509770900011063 0.5813675284385681 0.7162240490317344
0.02679044008255005 0.11975913047790532 0.03783791065216069 0.42710403800010677 0.5002397954463959 0.37136999964714046 0.1581887364387512 -1.430511474609375e-06 0.3287536025047302 0.5739127069711685 0.371659392118454 0.3462019234895706 0.3430600523948669 0.14909452199935913 0.2987553864717484 0.4238353997468949 0.30704777538776395 0.2833499699831009 0.392015990614891 0.5787038445472718 0.558502060174942 0.12069854140281677 0.12568963766098018 0.17612123489379883 0.279496967792511 0.19489002227783203 0.19954505562782288 0.5104066342115402 0.19670308828353877 0.19099867343902588 0.07567653656005857 0.2543771266937256 0.29176326990127566 0.35251419544219975 0.5104066342115402 0.3426485419273376 0.4047395765781403 0.28148774504661556 0.27728645801544194 0.2964491009712219 0.30200207233428955 0.2647235691547394 0.2980126142501831 0.4213451147079468 0.35601338744163513 0.42764326333999636 0.4196214616298676
1.4305114748314196e-07 0.48880731463432314 0.5238918364048004 0.5044758260250092 0.49264101982116704 0.5763298809528351 -1.4305114737211966e-07 0.048957645893096924 2.861022949662839e-07 0.018019151687622026 0.0 -1.4305114737211966e-07 0.0 -1.4305114737211966e-07 0.0 0.48860423564910893 0.44698099493980403 0.5485700875520706 0.5578806340694428 0.5082430124282837 0.5280549079179764 0.410725599527359 0.5452958464622497 0.6364894032478332 0.5287723898887634 0.5488817900419235 0.517101937532425 0.5146034598350525 0.5957144498825073 0.5435509502887725 0.5467909157276154 0.5837534904479981 0.516132014989853 0.524657917022705 0.4819498896598816 0.486270546913147 0.5126956105232239 0.5305330455303192 0.5403942406177521 0.484681385755539 0.3995615124702454 0.5621184393763542 0.5185922861099244 0.6094083070755005
0.22591156363487241 0.08384807109832759 0.10564641356468196 0.11281702518463133 0.08645652532577519 0.12230344414711003 0.1345811307430267 0.12183918356895451 0.12216302752494812 0.1253816783428192 0.13527594208717342 0.13475855588912966 0.1322101354598999 0.12841696739196773 0.10958220362663273 0.20649895668029783 0.19237721562385557
0.1458258748054504 0.33065878152847294 0.4732561707496643 0.5531587898731232 0.38824902772903447 0.5072049260139465 0.365128082036972 0.3024178147315979 0.5585539728403092 0.6305785298347473 0.2227162182331085 0.36286283731460567 0.5518507421016693 0.42670468688011165 0.5385631710290909 0.4992265045642853 0.3919866859912873 0.4410254120826721 0.4441563427448273 0.6360161602497101 0.6096655488014221 0.6882434546947479 0.6436155706644058 0.6254577517509461 0.6184348464012146 0.6528927832841873 0.6091032445430755 0.6145127028226852 0.35584344863891604 0.4932230353355408 0.5533993661403656 0.3576774299144745 0.4936593234539032 0.5593807935714722 0.34256188273429866 0.530034726858139 0.40650658607482915 0.5152421176433564 0.5410013318061828 0.4696352809667588 0.4542903125286102 0.5995835483074188 0.4459927141666412 0.5429221808910369 0.511046415567398 0.7763740994036198
0.32106568813323977 0.44720447063446045 0.40504747033119204 0.4870520293712616 0.49991100728511806 0.37821463942527767 0.43745557665824886 0.313672810792923 0.46648669242858887 0.4357047557830811 0.4792091369628906 0.34817976951599117 0.43683351874351506 0.41677986383438115 0.3829405069351196 0.5402396976947784 0.6538896232843399 0.8574572682380677
0.4613092005252838 0.44332576841115956 0.4151126399636269 0.33917505145072935 0.625678052008152 0.47691804021596906 0.5247351825237274 0.62618547976017 0.4854480266571045 0.4983209997415543 0.4916386723518371 0.4949209034442902 0.4774162769317627 0.42213187813758846 0.4853649705648422 0.6862637683749199 0.5954680159687996 0.6492649618536234
4.291534423384036e-07 3.5762786865234375e-07 -1.0013580322709714e-06 1.4305114748314196e-07 0.01723635196685791 0.5872103750705719 0.5665967345237732 0.4227210283279419 0.05180118083953855 0.12976484894752505 0.12976484894752505 0.12834103703498845 0.11147352457046511 0.12566597461700435 0.1111416220664978 0.20660320520401 0.28480908274650574
0.0 0.0 0.010120987892150879 3.5762786865234375e-07 0.27457792758941646 0.0 0.0 7.152557373046875e-07 0.0 0.0 3.5762786865234375e-07 -7.152557373046875e-07 3.5762786865234375e-07
0.1332350850105286 0.5292821437120437 0.5488509237766266 0.5026767492294312 0.5393126517534256 0.5805023491382599 0.5387301415205001 0.6854939430952072 0.6483543008565903 0.6656669363379478 0.5765243336558342 0.7826524732634426
0.036234915256500244 0.0 3.5762786865234375e-07 2.145767211692018e-07 0.596161624789238 0.5004633486270904 0.0 0.0 2.145767211692018e-07 4.291534423384036e-07 -5.722045899325678e-07 1.4305114748314196e-07 -1.0013580322709714e-06 3.5762786865234375e-07
0.038657104969024636 0.3757646918296814 0.5245770998299122 0.5683528050780297 0.4999608665704727 0.6491750463843345 0.6620979487895966 0.5082969784736633 0.5819720655679703 0.5485868215560913 0.6567127242684364
0.4935647487640381 0.218668007850647 0.5503185868263245 0.5569547891616822 0.6009484484791756
0.24497292041778562 0.6851003065705299 0.6873232528567315 0.7025960221886635 0.648647990822792 0.5151685893535614 0.5919025629758835 0.6607324887998403 0.6743384048342704 0.6147642195224762 0.6910161226987839 0.6075346350669861 0.6949637703597545 0.6211419016122818 0.6309968143701553 0.7094711676239968 0.6588174998760223 0.5544336318969727
0.32830048799514766
0.4374627888202667 0.5934060454368592 0.6135345786809921 0.5524920165538788 0.5493453502655029 0.5338055819272995 0.4838465124368667 0.5497146844863892 0.5591084361076355 0.6196158170700073 0.6549827992916107
0.0 0.6503505825996398 0.0 3.5762786865234375e-07 2.861022949662839e-07 0.5825826853513718 0.0 0.0 3.5762786865234375e-07 3.5762786865234375e-07 -4.291534423384036e-07 2.861022949662839e-07 -8.583068846768072e-07 3.5762786865234375e-07
0.17893769741058352 0.4101229548454285 0.5423382580280304 0.4240638256072998 0.6948091525875497
7.152557368605983e-08 0.669055387377739 0.6656706050038338 0.7244031392037868 0.6282833337783813 0.664256551861763 0.5870553404092789 0.6622773617506027
0.16880421638488774 0.13642173409461977
0.3113788664340973 0.428920716047287 0.5913654685020446 0.5213165760040284 0.5966451019048691 0.5717420995235443 0.6363248288631439 0.6745959997177124 0.6150596767663956 0.6547666609287262 0.695135335624218 0.6332029491662979 0.6152072280645371 0.5635909140110016 0.5729629129171372 0.6007816165685653 0.6205629289150238 0.6598031759262085 0.6861749112606048 0.6297003567218781
3.5762786865234375e-07 -7.152557373046875e-07 3.5762786865234375e-07 3.5762786865234375e-07 0.7914175987243652 0.8625078316777944 0.6248650044202805 0.6056979864835739 0.687092638015747 0.37005680799484253 0.0 0.0 0.0 0.0 -2.861022949662839e-07 7.152557373046875e-07 -7.152557373046875e-07 3.5762786865234375e-07
-5.722045899325678e-07 0.1386196136474609 0.5267375379800796 0.5228762716054917 0.5219973266124726 0.5751129567623139 0.5711356461048126 0.5505746960639953 0.4443281769752503 0.4441366910934448 0.6112912237644196 0.4865824580192566 0.4925530910491943 0.5802600145339966 0.5756821125745774
0.3652098655700684 0.2766800165176392 0.4063012540340424 0.44291172325611117 0.36478438377380373 0.5812788128852844
0.23898137807846065
0.0 2.861022949662839e-07 3.5762786865234375e-07 2.861022949662839e-07 0.4456360936164856 0.0 0.0 5.722045898215455e-07 2.861022949662839e-07 -4.291534423384036e-07 2.145767211692018e-07 -7.152557373046875e-07 3.5762786865234375e-07
0.15422490835189817 0.5645743906497955 0.5270577192306518 0.4295743584632874 0.5935689181089401 0.5954577773809433
0.0 0.0 3.5762786865234375e-07 7.152557368605983e-08 0.5739898383617401 0.0 0.0 2.861022949662839e-07 5.722045898215455e-07 -5.722045899325678e-07 1.4305114748314196e-07 -7.152557373046875e-07 3.5762786865234375e-07
0.0 0.0 3.5762786865234375e-07 2.861022949662839e-07 0.4996056541800499 0.8738830368281925 0.6059013396501541 0.0 0.0 1.4305114748314196e-07 5.722045898215455e-07 -7.152557373046875e-07 7.152557368605983e-08 -7.152557373046875e-07 3.5762786865234375e-07
0.4138909220695496 0.6816287275403738 0.5589798152446747 0.4493663966655731 0.5040737897157669 0.49180493950843807 0.5966776594519615 0.6258176952600479 0.6910232588648796 0.5197310864925384 0.629336740076542 0.6789594575762748 0.4083038985729217 0.7598447782918811 0.6138962879776955
0.3981221616268158 0.6434023320674896 0.6865017935633659 0.6134463578462601 0.6439499467611313 0.6778176903724671 0.5964233219623566 0.5554046154022216 0.5790978223085403 0.7042375907301903 0.658170647919178 0.7079100474715233 0.6703587651252747 0.47280645966529844 0.45313872396945953 0.9147050246596337
0.0 -1.4305114737211966e-07 3.5762786865234375e-07 2.861022949662839e-07 0.8520283151417971 0.1474937856197357 0.0 0.0 1.4305114748314196e-07 2.145767211692018e-07 -1.4305114737211966e-07 5.006790161354857e-07 -7.152557373046875e-07 3.5762786865234375e-07
0.2671385526657104 0.5137009918689728 0.3839634120464325 0.4869178235530853 0.5906624615192413 0.5045480132102966
0.20697621107101438 0.5013877153396606 0.7446191895753145 0.49714856743812563 0.4781216204166412 0.5001558899879456 0.6568400785326958 0.6111211463809013
0.06806094646453853 0.049904048442840576 3.5762786865234375e-07 2.861022949662839e-07 0.6271507441997528 0.0 0.0 5.006790161354857e-07 1.4305114748314196e-07 -1.4305114737211966e-07 2.861022949662839e-07 -1.2874603272372553e-06 3.5762786865234375e-07
-7.152557373046875e-07 0.36965724229812624 0.6136757016181946 0.5660689055919648 0.51530921459198 0.4952870547771454 0.644150261580944 0.4305946350097656 0.4387506186962128 0.6065931767225266
0.37779924273490906 0.5284101814031601 0.574036031961441 0.6653006404638291 0.46316133141517635
0.1356329202651978 0.4072812080383301 0.5778437495231629 0.7257420456036925 0.5726166635751724 0.6405070394277572 0.6217049777507782 0.6022798746824265
0.7144423484802246
0.0 5.722045898215455e-07 3.5762786865234375e-07 2.861022949662839e-07 0.4308697521686554 0.0 0.0 6.437301636186277e-07 1.4305114748314196e-07 -2.861022949662839e-07 2.861022949662839e-07 -7.152557373046875e-07 3.5762786865234375e-07
0.35889250636100767 0.5283337593078613 0.3739384829998016 0.6152779281139373 0.4878592818975449 0.6050325617194175 0.6702835395932197 0.5906472831964493
0.0 3.5762786865234375e-07 3.5762786865234375e-07 2.861022949662839e-07 0.6051529198884964 0.0 0.0 3.5762786865234375e-07 2.145767211692018e-07 -2.861022949662839e-07 4.291534423384036e-07 -1.0013580322709714e-06 3.5762786865234375e-07
-7.152557373046875e-07 0.35214712619781496 0.7116429056972265 0.5791643619537353 0.5930898249149322
0.19125027060508726 0.39679371118545537 0.5627174615859986 0.5963346719741821
0.0 0.5919592112302781 0.6888686865568161 0.6001466333866119 0.4927370846271515
0.33447927907109265 0.469889622554183 0.6665229290723801 0.6302948012948036 0.6972136229276658 0.6976887702941894
0.21481832265853884 0.49054253399372105 0.6241453975439072 0.534623920917511 0.46974320411682124 0.6761964589357377 0.5449415594339371 0.5577305376529693 0.6024868965148926 0.4352995336055756 0.512725555896759
-7.152557373046875e-07 0.4501179218292236 0.6931597471237183 0.8238478273153305 0.5080884695053101 3.5762786865234375e-07 3.5762786865234375e-07 0.8258852194994688 0.3903983116149903 0.0 0.0 0.0 0.0 -1.4305114737211966e-07 7.152557373046875e-07 -7.152557373046875e-07 3.5762786865234375e-07
0.135566520690918 0.5206596970558166 0.5549813866615295 0.6008340239524841 0.6066440343856812 0.31007543206214905 0.5124428153038025 0.5651115506887436
0.0 7.152557368605983e-08 0.10686759352684017 0.1567180961370468 0.5565144658088684 0.0 0.0 2.861022949662839e-07 4.291534423384036e-07 -4.291534423384036e-07 2.145767211692018e-07 -8.583068846768072e-07 3.5762786865234375e-07
0.3321702361106873 0.590906149148941 0.49599034190177915 0.35637319684028623 0.6235791385173798 0.6088412716984749 0.4791022121906281 0.6738855078816414 0.5629070460796356 0.5812798738479614
0.0 0.4711934268474579 0.6034070938825608 0.5868750154972077 0.6400800704956054 0.6801547020673752 0.7043376073241234 0.5455950558185577
0.5651287145912647
0.5140480041503906 0.6920042008161544 0.6032805234193802 0.6649875253438949 0.6069643542170524 0.6025020144879818 0.6587918639183045 0.5837132275104523 0.5459384620189667 0.6447646886110305 0.6305656731128693
7.152557373046875e-07 2.861022949662839e-07 3.5762786865234375e-07 2.861022949662839e-07 0.5957730755209922 0.0 0.0 5.006790161354857e-07 1.4305114748314196e-07 -4.291534423384036e-07 3.5762786865234375e-07 -1.144409179643091e-06 3.5762786865234375e-07
0.5546658709645271
0.0 -4.291534423384036e-07 3.5762786865234375e-07 2.861022949662839e-07 0.6270274877548218 0.7514557708054781 0.0 0.0 0.031610190868377686 3.5762786865234375e-07 -4.291534423384036e-07 2.861022949662839e-07 -8.583068846768072e-07 3.5762786865234375e-07
0.0 -4.291534423384036e-07 3.5762786865234375e-07 1.4305114748314196e-07 0.5079392164945602 0.0 0.0 5.006790161354857e-07 4.291534423384036e-07 -5.722045899325678e-07 1.4305114748314196e-07 -7.152557373046875e-07 3.5762786865234375e-07
0.3075722128152847 0.40765683054924007 0.5328908234834671 0.5974681794643402 0.6727268561720848 0.7130162760615348 0.5451742231845855 0.5949916005134582 0.6130109816789627 0.5962391823530198 0.45732878446578984 0.2046789668500424
0.28313778638839726 0.13941379785537722 0.21806818842887876 0.21468843221664424 0.23394790291786194 0.3548510730266571 0.6541369020938873 0.638434898853302
0.3950194358825684 0.5592772454023361 0.5380957260727882 0.4169764220714569 0.5436910808086395 0.5848535180091858 0.5757946372032166 0.5483506321907043 0.5600693911314011 0.22972705662250514
-7.152557373046875e-07 3.5762786865234375e-07 3.5762786865234375e-07 0.0 0.49733927845954895 0.0 0.0 3.5762786865234375e-07 7.152557373046875e-07 -7.152557373046875e-07 0.0 -7.152557373046875e-07 3.5762786865234375e-07
0.21917246580123906 0.4164783895015717 0.40382085442543025 0.6058532327413559 0.45925916284322743 0.6359903782606124 0.5533066183328629 0.6498901307582855 0.6982718393206596
0.0 0.0 3.5762786865234375e-07 2.145767211692018e-07 0.5857070356607437 0.0 0.0 4.291534423384036e-07 3.5762786865234375e-07 -4.291534423384036e-07 2.861022949662839e-07 -1.0013580322709714e-06 0.01452724933624272
0.12224307060241701 0.3201050221920013 0.5082026839256286
0.3866675108671188
0.12051651477813718 0.4431460857391357 0.4867823481559753 0.44942296147346494 0.5012978613376617 0.5732804030179978 0.6066129595041275 0.6964498043060303
3.5762786865234375e-07 3.5762786865234375e-07 0.006243622303009011 3.5762786865234375e-07 0.6863894209265708 0.4449862003326416 0.0 0.0 7.152557373046875e-07 0.0 0.0 3.5762786865234375e-07 -1.430511474609375e-06 3.5762786865234375e-07
7.152557368605983e-08 0.0 3.5762786865234375e-07 2.861022949662839e-07 0.3993315458297729 0.5043413400650024 0.45800077319145205 0.24774207472801213 0.44504806995391843
0.3567534804344177 0.614152617752552 0.6257979884743691 0.5876813560724259
-7.152557373046875e-07 0.10111783146858211 0.18276259154081342 0.19622936025261883 0.6366283349692822 0.18942583650350575 0.17505708932876585 0.17297216653823855 0.1989535176195204 0.18601449579000473 0.1840687930583954 0.18286556303501134 0.1515259802341461
0.11117036938667302 0.4502139151096344 0.4986917436122894 0.4605193078517914 0.5220013588666916 0.4610167145729065 0.3462814450263977 0.4892925560474396 0.5460505574941635 0.5276586562395096
1.4305114748314196e-07 0.5403145015239715 0.5873048216104507 0.5793001234531403 0.600437992811203
0.5215373039245605 0.6217262417078018 0.6828032016754151 0.6527783587574959 0.6784068271517754 0.660912598669529 0.6854157537221909
0.0 3.5762786865234375e-07 3.5762786865234375e-07 0.0 0.5309105753898621 0.0 0.0 3.5762786865234375e-07 7.152557373046875e-07 -7.152557373046875e-07 0.0 -7.152557373046875e-07 3.5762786865234375e-07
0.3796433866024017 0.5429957032203674 0.7326129533350467 0.5063822001218796 0.5564161390066147 0.5711179196834564 0.5929314643144608 0.49810182154178617 0.6005748718976974 0.6472531408071518
3.5762786865234375e-07 0.0 3.5762786865234375e-07 7.152557368605983e-08 0.5272964537143707 0.0 0.0 4.291534423384036e-07 5.722045898215455e-07 -5.722045899325678e-07 7.152557368605983e-08 -7.152557373046875e-07 3.5762786865234375e-07
0.03951640129089351 0.33288078308105473 0.6693251296877861 0.5569283694028855
0.37938897944986816
0.4884977221488953 0.6835158139467239
0.6732911385595799 0.7199517421424388 0.6562447890639305 0.6970590099692344 0.8177752062678337
4.291534423384036e-07 0.0 3.5762786865234375e-07 2.145767211692018e-07 0.6838367626070976 0.4444436073303223 0.0 0.0 2.145767211692018e-07 2.861022949662839e-07 -5.722045899325678e-07 2.145767211692018e-07 -8.583068846768072e-07 3.5762786865234375e-07
0.0 0.0 3.5762786865234375e-07 2.145767211692018e-07 0.4655135184526443 0.07204122543334956 0.0 2.861022949662839e-07 1.4305114748314196e-07 -4.291534423384036e-07 2.861022949662839e-07 -1.0013580322709714e-06 3.5762786865234375e-07
0.705981294810772 0.7158071771264076 0.6968240141868591 0.646665695309639
4.291534423384036e-07 -7.152557373046875e-07 3.5762786865234375e-07 7.152557368605983e-08 0.49759779572486873 0.07204093933105471 0.0 4.291534423384036e-07 5.722045898215455e-07 -5.722045899325678e-07 7.152557368605983e-08 -7.152557373046875e-07 3.5762786865234375e-07
0.48863440155982973 0.5883236199617385
0.14890706539154053 0.4687304079532624 0.6887216329574585 0.5446022391319275 0.7559322386980056 0.6857814863324165
2.861022949662839e-07 0.0 3.5762786865234375e-07 7.152557368605983e-08 0.6180614829063416 0.0 0.0 2.861022949662839e-07 5.722045898215455e-07 -5.722045899325678e-07 1.4305114748314196e-07 -7.152557373046875e-07 0.020645284652709983
0.2166955232620239 0.5855087049305439 0.731704055517912 0.7500823229551316 0.3123175799846649 0.28453608751297
-7.152557373046875e-07 0.0 3.5762786865234375e-07 3.5762786865234375e-07 0.6741970688104629 0.7802177741657943 0.7329019827768206 0.0 0.0025767445564269797 0.0 7.152557368605983e-08 0.8841073550283909
0.0 0.008616161346435502 3.5762786865234375e-07 3.5762786865234375e-07 0.5542297899723053 0.8688878435641527 0.3583853721618653 0.0 0.0 2.145767211692018e-07 2.861022949662839e-07 -5.722045899325678e-07 2.145767211692018e-07 -8.583068846768072e-07 3.5762786865234375e-07
4.291534423384036e-07 2.861022949662839e-07 3.5762786865234375e-07 2.861022949662839e-07 0.7249794989824295 0.6236487865447998 0.0 0.0 5.006790161354857e-07 2.145767211692018e-07 -4.291534423384036e-07 3.5762786865234375e-07 -8.583068846768072e-07 3.5762786865234375e-07
2.861022949662839e-07 -5.722045899325678e-07 3.5762786865234375e-07 2.861022949662839e-07 0.6477979272603989 0.6150608777999877 0.0 0.0 4.291534423384036e-07 5.722045898215455e-07 -7.152557373046875e-07 7.152557368605983e-08 -7.152557373046875e-07 3.5762786865234375e-07
2.861022949662839e-07 0.08810747861862178 0.14214112758636477 0.15970803797245026 0.39646852016448975 0.0 0.0 0.08803176879882812 0.14553070068359375 0.13778006434440615 0.15892295837402348 0.1145135343074799 0.14494784474372868
1.4305114748314196e-07 0.0 3.5762786865234375e-07 1.4305114748314196e-07 0.49037767648696895 0.11889981627464297 0.012329804897308394 0.1305644750595093 0.1435561060905457 0.13571427464485164 0.11462337970733638 0.06219549179077144 0.1256063640117645
0.0 0.0 3.5762786865234375e-07 2.145767211692018e-07 0.3242349624633789 0.0 0.0 5.722045898215455e-07 2.861022949662839e-07 -2.861022949662839e-07 2.145767211692018e-07 -7.152557373046875e-07 3.5762786865234375e-07
0.0 0.0 3.5762786865234375e-07 0.0 0.3914976298809052 2.145767211692018e-07 0.45788197517395024 0.0 0.0 1.4305114748314196e-07 4.291534423384036e-07 -7.152557373046875e-07 1.4305114748314196e-07 0.14105160832405095 0.14494784474372868
0.0 0.0 3.5762786865234375e-07 2.861022949662839e-07 0.3535321593284607 0.0 0.0 6.437301636186277e-07 0.0 -1.4305114737211966e-07 3.5762786865234375e-07 -7.152557373046875e-07 3.5762786865234375e-07
0.0 1.4305114748314196e-07 3.5762786865234375e-07 2.861022949662839e-07 0.24829427003860471 0.0 0.0 3.5762786865234375e-07 0.0 -4.291534423384036e-07 0.011637187004089333 -1.0013580322709714e-06 3.5762786865234375e-07
0.21553446054458614 0.5271084308624268 0.505183857679367 0.5073903381824494 0.5665824770927429
0.0 0.09046313762664793 0.17361421287059786 0.1676104575395584 0.5327232152223587 0.5764103338122368 0.1769856348633766 0.2354413524270058 0.1552800923585892 0.1831560119986534 0.17236217558383937 0.1785844027996063 0.15354139208793638 0.15256766676902767
0.7711017429828644 0.63603276014328 0.5174397081136703 0.6627353340387344
0.32184624671936035 0.4973142743110657 0.5710994213819504 0.6056639432907105 0.4633851528167725 0.47886565923690794 0.5311493754386902 0.6276297017931938
0.0 0.0 2.861022949662839e-07 0.32623286247253414 0.0 0.0 3.5762786865234375e-07 0.0 -7.152557373046875e-07 3.5762786865234375e-07 -7.152557373046875e-07 3.5762786865234375e-07
0.0 -4.291534423384036e-07 3.5762786865234375e-07 1.4305114748314196e-07 0.4789084613323211 0.0 0.0 5.006790161354857e-07 4.291534423384036e-07 -4.291534423384036e-07 1.4305114748314196e-07 -7.152557373046875e-07 3.5762786865234375e-07
0.0 0.0 3.5762786865234375e-07 7.152557368605983e-08 0.532221794128418 0.0 0.0 2.861022949662839e-07 7.152557373046875e-07 -7.152557373046875e-07 0.0 -7.152557373046875e-07 3.5762786865234375e-07
3.5762786865234375e-07 0.0 3.5762786865234375e-07 0.0 0.48722584843635564 0.0 0.0 3.5762786865234375e-07 7.152557373046875e-07 -7.152557373046875e-07 0.0 -7.152557373046875e-07 3.5762786865234375e-07
0.0 -7.152557373046875e-07 3.5762786865234375e-07 1.4305114748314196e-07 0.6492430657148361 0.0 0.0 3.5762786865234375e-07 4.291534423384036e-07 -4.291534423384036e-07 2.145767211692018e-07 -7.152557373046875e-07 3.5762786865234375e-07
0.018808484077453613
0.49803528785705564 0.5773385226726532 0.46611029505729673 0.4052707314491272 0.5281893193721772 0.5892626076936722 0.6021654456853867 0.6271295487880707 0.6090117752552032 0.7530413955450058 0.7236818492412567 0.9379127133637667 0.8652124881744385 0.6028700053691864 0.657786762714386
0.406582236289978 0.5383413106203079 0.37207993268966677 0.5679217338562011
0.4744165271520615 0.49833392202854154 0.669672429561615 0.6121095687150955 0.4613375246524811 0.5656674981117249 0.5133326441049576 0.3225170493125915 0.5372229188680648
0.5352312922477722 0.675793220102787 0.5915822446346283 0.5832478314638138 0.6094789415597915
0.5087017677724361 0.49615859389305117 0.5502446353435516 0.469448733329773 0.3854749381542206 0.5423205971717835 0.36580057144165035 0.2977588295936584 0.33081747293472286 0.6739422276616096 0.5340542763471603 0.6646400839090347 0.6362115994095803 0.6398863226175309 0.46477025747299194 0.5163734376430511 0.5800876021385193 0.5552341043949127 0.8199136728420854 0.7730837614275515 0.7345078103244305
0.4377237677574157 0.5891493111848831 0.514728969335556 0.5344064444303512 0.5860657840967178 0.4332783162593842
0.30592902898788454 0.5308524399995804
0.33322780132293706 0.6349563255906105 0.4475219666957855 0.4893869161605835 0.3727482438087464
0.44865766167640686 0.6175500303506851 0.5891628682613372 0.6067665129899978
0.46214556135237217
0.3409109830856323 0.45298374891281123 0.5667668879032135 0.5158876240253448 0.6450828187167644 0.5341748476028443 0.5550108432769776 0.609019547700882 0.5918380677700043 0.6037510067224503
0.07496569156646726 0.47835604324936865
0.08649296760559078 0.22914355993270874 0.47620458006858823 0.39805421233177185 0.36161454319953923 0.5458404928445816
0.0 0.0
0.10311836004257202
0.5328533187508583 0.4152017831802368 0.4793458878993988 0.5037154823541641 0.24165567159652712 0.2931362867355347 0.5406639903783799 0.4469179153442383 0.30819251537323 0.4454866230487824
0.4745813131332397 0.4735707819461823 0.5522388756275177
0.4333088278770447 0.3898073256015777 0.5944591045379639 0.3864915668964386 0.661842542886734
0.5218140363693238 0.5548902034759522
0.003980493545532204 0.2853374898433685 0.3573159217834473 0.12899282574653625 0.008507251739501953 0.014826166629791304 0.10133841633796692 0.16519483029842374 0.13671888709068303 0.38173940777778625 0.262298834323883 0.3322611391544342 0.6202231138944626 0.497408139705658 0.5362728416919709 0.605794471502304 0.562672758102417 0.5788740664720535 0.5196233034133911 0.4449439585208893 0.4388774752616882 0.544680917263031 0.5529141902923584 0.14983786344528194 0.2395364165306091 0.562872439622879 0.46168496608734133 0.621155533194542 0.36611290574073796 0.156365430355072 0.2206071376800537 0.2653043866157532 0.15667521953582764 0.19453742504119875 0.15798573493957524 0.25949083566665654 0.44352488517761235 0.49626488685607906 0.5787857711315155 0.20428519845008852 0.40661106705665584 0.5005539715290069 0.2814089894294739 0.5331602156162262
0.4345846563577652 0.6491803452372551 0.4758555114269256 0.5528197571635246 0.4707424283027649 0.4917709052562713
0.3327467322349549 0.540922287106514
0.0 0.14634869098663328 0.5088196575641633 0.40363248586654665 0.46662690043449406 0.42842121124267574 0.5971921533346176 0.5708682358264923 0.49471584558486936 0.5390535682439804 0.5735971868038178 0.5476268589496612 0.6923013515770435 0.5253569602966308 0.5321918427944183 0.6379277586936951 0.43719473481178284 0.5133844196796418
0.16529195308685307 0.37947168946266174 0.3301654696464539 0.5562011316418648 0.6616633519530296 0.49161699414253235 0.5695647150278091 0.5011629581451416 0.5447718948125839
0.6604976998642087
0.26174882650375364 0.5423114895820618 0.48721745014190676 0.5626591950654983 0.6519386142492294 0.5892717182636261 0.5972805082798004 0.6449161291122436 0.6535767890512943
0.34454622417688374 0.42378298640251155
0.4667151868343353 0.6110214799642563 0.5817388415336608 0.477324178814888 0.4699119389057159 0.5326689660549164 0.5954945683479309 0.5269976794719696
0.5720693320035934 0.3282369941473007 0.42048891186714177 0.5897315323352814 0.6566863089799881 0.36254844069480896 0.5107119679450989 0.37323012202978134
0.38345493078231807
0.3042716383934021 0.5770454645156861 0.5631320804357529 0.5326349914073945 0.5025471419095993 0.6178588390350341 0.5264060616493225 0.5898936331272125 0.6745373770594597 0.6432653069496155
0.24935127496719356 0.5684074729681015 0.6591982811689376 0.6172371953725815
0.26780369877815247 0.48251212835311885 0.3272927820682525 0.5203392326831817 0.5132722467184067
0.16662414669990544 0.27519186139106755 0.431535804271698
0.19752001184970136 0.832040477823466 0.6255385585129261 0.6506794467568398 0.5688926495611668 0.7083439439535141 0.7849724635481834 0.6898090854287148 0.7215254336595536 0.5339546851813793
0.22957286834716795 0.4868543922901154 0.578639417886734 0.6388305097818374 0.6628802761435508 0.24974991679191594 0.5751968055963517
0.3839910924434662 0.5286146014928818
0.4682200133800507 0.5938369035720825 0.5867688596248627 0.5124306678771973 0.5109316319227218 0.5140126883983612 0.5035779535770416 0.5586633145809173 0.6386900961399078
0.4617794692516327 0.5284245207905769 0.48693315088748934 0.5687134474515915 0.5251269146800042
0.5476788431406021 0.7294623954221606 0.9103052616119385 0.9067083805799484 0.8662322044372559
0.2923355340957642 0.471204799413681 0.6380687415599823 0.5564407289028168 0.5903781741857529 0.4723083555698395 0.5524641871452332 0.35987253785133366 0.5463832378387451 0.6149812012910842 0.47523211240768437
0.5721356630325317 0.3876374363899231 0.5998487770557404 0.37525231838226314
0.09914879798889165 0.35273013114929197 0.4256772756576538 0.5923677504062652 0.5550648778676986 0.5019317269325256
0.42859721481800084 0.49322486519813535 0.5728566735982895 0.366725641489029 0.5396724462509155 0.6079336434602738 0.6109272480010987 0.7006855592131614 0.3737322330474854 0.4333590388298034 0.6373976647853852 0.5995079010725022 0.5693454742431641
0.5940123508684337 0.7069043852388859 0.8341689169406891 0.8629108607769013 0.9259772509336471 0.7766033038496971 0.8102399289608002 0.9011029221117497 0.757374267000705
0.2868566572666168 0.6219666779041291 0.5509535670280457 0.5933352023363113 0.541816359758377 0.43127199411392214
0.2500532150268555 0.4514674216508865
0.19209256172180178 0.45077070593833923 0.6127333998680115 0.5619916439056396 0.7055838443338871 0.5952356338500977 0.6247276932001113 0.5301032364368439 0.5552420139312744 0.5696660727262497 0.6234912723302841 0.5417372524738312
0.24949105978012087 0.3099751234054565 0.15217374861240385
0.3408811153843999
0.41029086112976076 0.4409734308719635 0.6329497262835503 0.6008009016513824 0.5818252205848694
0.26984568238258366 0.5862427175045013
0.3619315445423126 0.32461819648742674 0.42035746574401855 0.5470420181751251 0.5690119445323945 0.5331909328699111 0.5996101081371308 0.34449946880340576 0.5644469738006592 0.573196280002594 0.6199593722820282
0.5720639675855637 0.5296324044466019 0.5748698443174363 0.8330616112798452 0.5984453804790973 0.6903700500726699 0.7074616756290197 0.7105480991303921 0.33791313171386717 0.6889157280325889
0.30789874494075775
0.23402036428451534 0.6099939167499542 0.6170811712741852 0.6390498280525208 0.5695066541433335
0.7363416358828545 0.47018613219261174 0.6298216313123703
0.4253940403461456 0.34205049872398374 0.6430987536907196 0.5926010429859161 0.4979673385620117 0.5442985832691193 0.6163711816072464 0.6244621098041534 0.6315460473299026 0.4626045227050781 0.5947690337896347 0.46456924080848694 0.5085411489009857 0.5200502038002014 0.4951219201087952 0.5633942604064941 0.530508816242218 0.48462460637092586 0.41361219882965083 0.5900387823581695 0.45732941627502444 0.5063455462455749 0.5586960166692734 0.48223383426666255 0.7621541775763034 0.5172891914844513 0.5003560543060303
0.5443361647427082 0.3838513880968094 0.6216624587774277 0.6645868957042694 0.7116852104663849 0.6328607365489006 0.7651842353865504
0.5846830815076828 0.8606712481938302 0.7275957938283681
0.32286913394927974 0.3348036050796509 0.48798719644546507 0.3400573313236237 0.4028171062469482 0.45887810587882993 0.4850295305252075 0.5037214100360871 0.5019714891910553
0.3820502638816834 0.4744993090629578
0.44468954205513 0.49665329456329343 0.5309564113616944 0.5514741346240044 0.6501251280307769 0.5905348345637321 0.48819669485092165 0.6199512511491776 0.5740480303764344 0.41762341856956486 0.5770078122615814 0.5443322837352753 0.595046904683113 0.6237670928239822 0.5154464542865753 0.4940089643001556
0.5005369484424591 0.5245202451944351 0.4959537506103515 0.5220864057540894 0.5626380801200866
0.3305672168731689
0.26752321720123295 0.6730427965521812 0.42629389166831966 0.5890550881624221 0.7051947295665741 0.5528922200202941 0.6599971324205398 0.670394142717123
0.24023115038871767 0.7377332389354706
0.1685672283172608 0.11468731164932255 0.3212689638137818 0.5559402167797088 0.31304169893264766 0.4660297691822052 0.4599571585655212 0.4186058402061462
0.35091485977172854 0.5438826352357864 0.5592769622802735
0.76028389967978 0.7925476466305554 0.9548108071088791 0.8967356562614441 0.9528153717517853 0.9433890551328659 0.80074877217412 0.912743778526783
0.4085724413394928 0.4042522072792053 0.47706891298294063 0.6058651030063629 0.4844511926174164 0.4559394538402557 0.5612769246101379 0.502680778503418 0.5028601944446563 0.5877050191164017 0.5644952803850174 0.39725056290626526 0.5303773671388626
0.19776906967163088
0.048382687568664595 0.4534559369087219 0.4413467168807983 0.4268153131008148 0.4385968625545502
0.04654293060302739 0.5672442942857743
0.7340518772602082 0.7407385751605033
0.3075722217559814 0.557008883357048 0.557760140299797 0.5319257020950318 0.5123156785964966 0.6854791104793548 0.2957959473133087 0.6497902572154999 0.5970883965492249
0.2881994485855103 0.48517419099807735 0.30998359918594365
0.335905772447586 0.35546485185623167 0.49261461496353154 0.5610033601522446 0.4610946893692016 0.5056638032197952 0.4171212911605835
0.368620777130127 0.5065204977989197 0.45775003433227535 0.5948015987873078 0.6653483815491199 0.35523424446582796 0.3662313580513
0.38330433964729305 0.6258495554327965 0.7337475199252367 0.7670575432479382 0.7747654490172863 0.6687807641923428 0.7029926232993603 0.6422764584422112 0.6934363415464759 0.5700055316090584
0.19931160211563115 0.5329742386937142 0.4677440881729126 0.60654818713665 0.5971937015652656 0.6520303636789322 0.5275729805231094 0.5726706981658936 0.5538592517375946 0.6258030027151108 0.6171785041689872 0.650458014011383 0.6269856676459312
0.2913297295570374 0.33007689714431765
0.16558266878128047 0.5376621097326278 0.4457346796989441 0.6007720828056335 0.6202660590410233 0.5821941435337067 0.5564241915941238 0.6335333615541459 0.6837726294994354
0.5110079854726791 0.5700924783945084 0.5207582235336303 0.5397667467594147 0.5491173446178437 0.5670453310012817
0.27969557642936704
0.25294688940048216 0.5533363580703735 0.5492736518383026 0.42414434254169464 0.4736006557941437 0.5277994275093079 0.6349832341074944 0.6059663854539394 0.5149885445833207 0.617994737625122 0.653792005777359 0.6411611720919609 0.6584853872656822 0.5463033467531204
0.45698098540306087 0.5708374381065369
0.24934809207916264 0.5186984419822693 0.5566040188074112 0.4611838161945343 0.36119230389595036 0.5531473457813263 0.5702664464712143 0.5030863583087921 0.5046031773090363
0.09901360273361204 0.4630891978740692 0.5042697191238403 0.5124646425247192
0.650412741303444 0.7570061322301627 0.8032388463616371 0.7985357895493508
0.25109306573867796 0.5535473376512527 0.5713438034057617 0.6166265070438385 0.40947809219360354 0.45041387081146245 0.5149901777505874 0.631626433134079 0.5973622381687165
0.25737432241439817 0.5011014401912689 0.28774682283401487
0.2617084860801697 0.4381616175174713 0.5338194191455841 0.47306320667266843 0.4483136832714081 0.36869028210639954 0.35006304979324343 0.4126872718334198 0.5196059286594391 0.4861096441745758 0.3976760506629944
0.38465765714645384 0.46576137542724605 0.4533861517906189 0.2335712254047394 0.3724212348461151
0.5070767372846603 0.5646142292534932
0.13138077259063718 0.5238587737083436 0.5726206213235855 0.4871082484722138 0.576707199215889 0.6786489576101303 0.5465128421783447 0.6025587327778339 0.7016811929643154 0.650962121784687 0.519379484653473
0.5610297113656998 0.6217205218970776
0.4344264417886734 0.43861996531486513 0.5929395198822022 0.4615982294082641 0.3783830881118775 0.3293666183948517 0.4971753418445587
0.3445989906787872 0.5702027440071106 0.5439693033695221 0.5418874800205231 0.5502257764339447 0.4894063413143158 0.46181033253669734 0.5111592829227447 0.5048760324716568 0.5117578208446503 0.48462989926338196 0.5097192257642746 0.5333212524652481 0.6174070686101913 0.655116006731987
0.40988541841506954 0.4804284751415253 0.5001344233751297 0.6700291931629181 0.6396432772278786 0.5976631954312325 0.5798420816659927 0.566710102558136 0.582511705160141 0.5496704667806626 0.9394691724330186 0.5853624969720841 0.5566204786300659 0.614632910490036 0.2797083020210266
0.3734617829322815 0.5430551707744599 0.6622699439525604 0.6812887728214264 0.5826324880123138 0.6115789860486984 0.5394377410411835 0.5472580909729003 0.5051201462745667 0.5926422953605652 0.5045707702636719 0.5275420427322388 0.5920332968235016
0.17761750221252437 0.33418184518814087 0.5907756924629212 0.5550471365451812 0.7763064332306385 0.5334769278764725 0.6388515591621399 0.4526048839092255 0.5576862514019012 0.4911916494369507 0.5115524232387543 0.5731843411922455 0.5274799525737762 0.6208893179893493 0.7058403819799424 0.46181168258190153 0.4423634111881256 0.38041165471076965 0.22972684502601626
0.4102125287055969 0.4836544007062912 0.5301141202449798 0.4953083753585815 0.5026136755943298 0.6132607370615005 0.3919471979141236 0.5877296715974808 0.4789641946554184 0.4564087226986885
0.3391127586364746 0.5915890216827393 0.5803091049194335 0.5299229264259339 0.5605442583560943 0.5748726606369019
0.5088057339191436 0.5972160995006561 0.47476827502250674 0.4402805268764496 0.5717630028724671 0.5386907309293747 0.6465930819511414
0.41129370331764226 0.49409576654434206 0.49803959727287295 0.6041665315628052 0.618469101190567 0.8043286345899106
0.3738623440265656 0.7064432975836098 0.5175317406654358 0.572636230289936 0.5022039413452148 0.5497613608837127 0.48174576163291927 0.5315481007099152 0.4466306626796722 0.5466397047042847 0.6031218111515045 0.6663082778453827 0.6795339792966842 0.8853692799806595
0.5441835254430771 0.5788157194852829 0.66537324488163
0.5758682996034622 0.4765312552452088 0.48220974504947667 0.48219583630561824 0.48453807830810547 0.6009477466344834 0.5162273675203324
0.280679851770401 0.2364898920059204 0.5296043634414673 0.5061183154582978 0.49511477947235105 0.5196670949459076 0.7496119823306799 0.5611199826002121 0.5386174142360687 0.425837117433548
0.4021218061447144 0.49854998588562016 0.5674814850091934 0.6736387878656387 0.5365644812583923 0.5358481973409652 0.5435823798179626 0.44783635437488556 0.4218007564544678 0.5484048068523407 0.4109744310379029 0.476560714840889 0.689180389046669
0.32707636356353764 0.5775026649236679 0.3871194064617157 0.588624370098114 0.2786502242088318 0.5272128283977509 0.5351808607578278 0.605313315987587 0.6987580016255379 0.6528217315673828 0.6452062159776688 0.4454337224364281
0.5285017251968384 0.6176644504070282 0.4531248152256012 0.5941673904657364 0.568433678150177
0.4013025999069214 0.5340765953063965 0.4466401934623718 0.5619338005781174 0.5762751430273056 0.5508524239063263 0.6239035546779632 0.5591374665498734 0.43974477648735044 0.42936321496963503 0.5858914613723755 0.530422568321228 0.6076867818832398 0.6435487538576126 0.6568370401859284 0.6322793573141098 0.9167412191629409
0.47411089539527895 0.46577168107032774 0.36563317179679866 0.5246096730232239 0.518070662021637 0.4287949204444885 0.5840898424386978 0.717275059223175
0.6741909965872764 0.6225554645061493 0.6133045256137848 0.6187169462442398 0.6184335708618164 0.5255872875452041 0.5485589921474456 0.5532808393239975 0.6244536399841308 0.5682037711143494 0.5917355194687843
0.30175598263740544 0.5198458671569824 0.6352326443418861 0.425077748298645 0.433387142419815 0.6430382963269949 0.5085107803344726 0.4647296488285064 0.6568696726113558 0.35946873351931574
0.5364375531673431 0.6260600328445435 0.5882830023765564 0.6380115956068039 0.7742638129740953 0.6637264534831047 0.6066375374794006 0.5493826419115067 0.591118398308754 0.6720907367765904 0.6372116848826408 0.6736441597342491 0.5907077491283417 0.6119812339544296
0.5276218593120575 0.5085629791021347 0.5662969768047332 0.5428514003753662 0.5098895907402039 0.6446877032518387 0.6006303951144218
0.40830439925193784 0.582594484090805 0.6147034049034119 0.6362523585557938 0.6060976177453995 0.5593939363956452 0.6583282306790352 0.5372901618480682 0.7498010642826557 0.6522467136383057 0.5762611567974091 0.5726286113262177 0.6119174480438232 0.6437138259410858 0.586550036072731 0.5869096994400025 0.47523134052753446
0.41606336236000063 0.6001876682043076 0.5855871796607971 0.5961197406053543 0.6130189627408982 0.6218392491340637 0.4507524728775024 0.4782538384199142 0.553435879945755 0.5283170968294144 0.7272423477843404 0.5412494599819183 0.6427155077457428 0.4564280837774277 0.5834724456071854 0.4117619197815656
0.4672590583562851 0.20457246303558352 0.5084051787853241 0.43355929255485537 0.43013545870780945 0.43911402821540835 0.4277839541435242 0.5959954291582108 0.5518159300088883 0.6581912010908126 0.6524643331766129
0.595084622502327 0.6084480583667755 0.4811539381742478 0.6197343379259109 0.530062347650528 0.5855558097362519 0.51754812002182 0.5042072176933289 0.6154524624347687 0.23580582141876216
0.5639917492866516 0.5185324609279632 0.5743189126253128 0.5374728202819824 0.6465502098202706 0.6254795730113983 0.7606964647769928 0.5696480616927146 0.7478642528876662
0.5838443905115127 0.8745013520121574 0.5776363015174866 0.5780417919158936 0.557140189409256 0.6599179536104203 0.5625311404466629 0.5802528113126755 0.6440538465976715 0.6042214155197143 0.0
0.3592305541038513 0.49024319946765904 0.5258685439825058 0.6006929740309715 0.3766896098852157
0.5149438321590424 0.5928103238344192 0.5451606571674347 0.5364039331674576 0.6413801312446594 0.578469130396843 0.574393704533577 0.549558299779892 0.4060628771781921 0.5676148414611817 0.45710663795471196 0.5114384949207306 0.4498457789421082 0.5702219516038894 0.1924515843391419
0.4155688643455505 0.6133637219667435 0.731012211740017 0.5014430224895478 0.5591050446033478 0.697396419942379
0.3848376214504242 0.4928255200386047 0.4540327936410904 0.4415181457996369 0.4854774117469788 0.5263977229595185 0.5301648378372192 0.5866434156894684 0.5016862034797669 0.459373590350151
0.5510574758052826 0.5032828539609909 0.47814329862594607 0.5308777958154678 0.6483416557312012 0.5178401112556458 0.5564666390419006 0.5858550846576691 0.5725961804389954 0.5721924483776093 0.5551998525857925 0.5888456642627716
0.20200095176696775 0.4521252304315567 0.6425791084766388 0.5174648463726044 0.5263922214508057 0.46357289552688596 0.4918212592601776 0.5105833530426025 0.529569473862648 0.4621655464172363 0.5399456560611725 0.20734061300754547
0.5260960578918457 0.5497836172580719 0.5336184054613113 0.5493400424718857 0.5726227432489395 0.5744786113500595 0.5907240629196167 0.5481126010417938
0.3663358259946108 0.40565157532691953 0.46959367394447327 0.37803854346275334 0.5022083878517151 0.4331468641757965 0.15825426578521729 0.35244185924530025 0.5057630360126495 0.5257479101419449 0.3527424097061157 0.5231050550937653 0.6202902853488922 0.5076276600360871 0.5600419104099273 0.46545221209526066 0.31795603036880493 0.5272014558315277 0.5778512388467789 0.6796496771275997 0.54051473736763 0.6843254685401916 0.4759841382503509 0.5129202842712403 0.528215104341507 0.6364745661616326 0.6511662483215332 0.6086588978767395 0.6072131216526031 0.5571281135082244 0.5999741464853287 0.62335424721241 0.5411776244640351 0.5817760676145554 0.461366206407547 0.5836135059595108 0.6163052707910538 0.6984565407037735 0.6258522301912308 0.7353605523705482
0.30865980386734004 0.5234675407409668 0.3697024464607239 0.5280795574188233 0.4500400125980377 0.5096262753009796 0.5823738932609558 0.5521142050623894 0.5206770718097686 0.40412584543228147 0.49032138586044316 0.5490264356136322 0.4546279430389404 0.4768980503082275 0.4007484208792448
0.4748773217201233 0.3292740821838379 0.5273738622665405 0.5422847270965576 0.4162600040435791 0.3270105302333832 0.46201467812061314 0.5640923321247101 0.5566413223743438 0.49316573739051817 0.5731278359889984 0.3762247815728188
0.4958064824342727 0.2888564050197602 0.4990530282258987 0.27222394943237305 0.7305780347436667 0.3917128384113312 0.2651597261428833 0.40910219550132754 0.5365958392620087 0.48103188872337344 0.5369320571422577 0.48279035091400146 0.43799542635679245
0.33589807748794553 0.4223484456539154 0.36890239566564564 0.4168542265892029 0.45310856699943547 0.624749732017517 0.5508625239133835 0.3315595403313637
0.3567935287952423 0.4022808611392975 0.18086285591125484 0.343946635723114 0.4357888698577881 0.49677506685256956 0.5898869901895523 0.5699894964694977 0.38341932296752934 0.7077947065234185 0.6473531559109688 7.152557368605983e-08
0.49997604489326475 0.42381441593170166 0.49033028483390806 0.5986324161291122 0.539392602443695 0.5366938829421997 0.511811363697052 0.47779699563980105 0.563498803973198 0.519827789068222 0.039775288105010964
0.5119659781455994 0.5143936038017273 0.5514144420623779 0.636299891769886 0.6920931294560433 0.6192313641309738 0.5120876014232636 0.5984068185091018 0.5319875717163086 0.44126662164926533
0.20745207071304317 0.5466408252716064 0.5301218926906586
0.15576454997062683 0.5770708113908768 0.5719167023897171 0.6117261826992035 0.6950789004564285
0.5116859138011932 0.3790921092033386 0.4699324190616607 0.43353349566459654 0.46721357107162476 0.5210930913686752 0.5362882405519486 0.5281948983669281 0.5670836091041564 0.5340389490127564 0.5675415873527527 0.21901402771472933
0.3718734800815582 0.4559115469455719 0.7401496425271035 0.6117508262395859 0.5316459953784942 0.5508797645568848
0.304554033279419 0.5480428099632263 0.48106345534324646 0.490811151266098 0.6647378355264664 0.6542538732290268 0.6195174247026444 0.6365984588861465 0.662178048491478 0.5462956547737121 0.19192149192094798
0.470815759897232 0.4913934409618378 0.5842571020126343 0.524192163348198 0.5027519822120666 0.591173067688942 0.6187007755041123 0.5950640678405762 0.3733191080391407
0.5594323575496674 0.4969113111495972 0.46660281419754024 0.48233674764633183 0.47055702805519106 0.4848609387874603 0.4931714713573456 0.41639081239700315 0.6150166541337967 0.553542536497116 0.4335142970085144 0.5498028993606567 0.2121381774544716
0.38472165465354924 0.537257170677185
0.5456413805484772 0.6253373920917511 0.6549503058195114 0.5321998178958893 0.691620314354077 0.5558154821395874 0.5971355766057969 0.5431315988302231 0.6148186057806015 0.4630431532859802
0.4099298655986786 0.612882924079895 0.653156527876854 0.8532246187329292 0.5403010785579682 0.5975061893463135 0.638178151845932
0.16174895763397212 0.3427980601787567 0.23444783687591553 0.44921792745590206 0.5670346617698669 0.4929879605770111 0.5998762547969818 0.5589140564203262 0.4643935084342956 0.5133002877235413 2.861022949662839e-07
0.3598134100437165 0.5897795587778092 0.5714130908250808 0.5030732184648514 0.5192416071891784 0.4149870693683624 0.5099604368209839 0.4990492820739746 0.43865216374397276 0.41771665811538694 0.5867431461811066 0.6991889283061028 0.4650377452373504 0.689180526137352
0.38953594565391536 0.5323069006204605 0.6127000570297241 0.5873452842235565 0.36214612722396855 0.35595102906227116 0.4902740567922592 0.4906358361244202 0.3234778493642807 0.19302194193005562
0.41204366087913513 0.6155443534255027 0.5880482971668244 0.6916293531656266
0.43946923613548283 0.6279394924640656 0.53019118309021 0.49041807651519775 0.5442812144756317 0.5626553803682327 0.5913233757019043 0.600392010807991 0.6685326337814331 0.6077254205942154 0.6300672858953476 0.6152800470590591 0.5824369043111801 0.7100712597370148
0.14024620056152348 0.3534902572631836 0.446356600522995 0.39430787563323977 0.567126551270485 0.4738704681396484 0.578104093670845 0.5094119787216187 0.4377424955368042 0.6096708476543427 1.2711562722921372 0.5746210038661956 0.4930361390113831 0.48172146677970884 0.5209949851036072
0.6256942301988602 0.61423200070858 0.551914381980896 0.46440282464027405 0.5872387707233429 0.49972085952758794 0.5254614233970643
0.26772240996360774 0.4204993605613708 0.49751084744930263 0.486957722902298 0.5283559411764145 0.5226171910762787 0.5408980578184128 0.6168172925710678
0.21955584287643437 0.3823427498340607 0.4667112290859222 0.5142248749732972 0.5152506604790688 0.6506449803709984 0.5510770346038043 0.649736151099205 0.6528140991926193 0.6602894067764282 0.7741283431649209 0.5913909740746022 0.5948056921362876 0.6410271123051643 0.585647639632225 0.587286451458931 0.6977358110249042 0.5959705650806427 0.5431872636079789 0.6279807388782501 0.659327819943428 0.7045273274183274 0.6244211524724961 0.6987121626734734 0.6610404431819916 0.6653183668851852 0.7152079328894615 0.6730788871645927 0.7360603783279658 0.6641254525631666 0.47406653761863704 0.4625114321708679 0.4962859392166138 0.5670454757288098 0.5767334789037705 0.5621736645698547 0.5625587612390518 0.8844991579651833
0.22812327146530154 0.6694813668727875 0.8126562666147947 0.39430985450744627 0.25605188757181163
0.2280556857585907 0.4904654026031494 0.27468069791793825 0.4294424712657928 0.4150364339351654 0.5658614546060562 0.5127309203147888 0.6024714976549148 0.49646217226982114 0.5904096722602844 0.6672486007213593
0.25684459209442134 0.5289641559123993 0.5630163162946701 0.5620278865098953 0.5276636034250259 0.5119303822517395 0.7579830519855022 0.4795263588428498 0.5643026769161225 0.6600098490715027
0.47822170257568364 0.6241441965103149 0.6258857831358909 0.471937108039856 0.5347067087888717 0.5422722786664963 0.5683174848556518 0.46530967950820923 0.5014493048191071 0.5564384579658508 0.9809628039598465
0.4395477116107941 0.5047454416751862 0.7877481047064065 0.5567779213190078 0.5064413964748382 0.6186190456151962 0.5005224645137787 0.39680925011634827 0.6033844251185656 0.3887556076049805 0.6843735009431839 0.4562850415706634 0.6432946890592575 0.6090956151485443 0.5673022866249084
0.4086916714906692 0.31739365458488467 0.34835754632949834 0.44991520345211033 0.614566232264042 0.597958792746067 0.6502602458000183 0.6875407993793488 0.5661901831626892 0.6536756709218026 0.615053316950798 0.6268839634954929 0.5780761986970901 0.5306920349597931 0.5326172590255738 0.6410129070281982 0.5292624413967133 0.818849241361022 0.3438326954841614 0.4621940732002259 0.4437557697296143 0.5453564494848251 0.6384771376848221 0.5416463375091553 0.4530861020088196 0.5309138834476471 0.5707539498806 0.7037349671125412 0.5798904657363891
0.6133947283029556 0.6712988808751106 0.45909401774406433 0.4721329033374786 0.6658544644713402 0.5658351153135299 0.60028076171875
0.12688953876495357 0.45115176737308504 0.6743400305509567 0.6474865823984146 0.5189087152481079 0.5730264842510223 0.5805562376976013 0.5920318245887757 0.5556353032588959
0.3207143545150757 0.47046032547950745 0.5332686305046082 0.493934091925621 0.4279150485992431 0.41567742824554443 0.4964404761791229 0.4162929058074951 0.5305106520652771 0.4296429336071015 0.5626448571681977 0.5994521766901016 0.21086707636713986
0.40935378074646 0.499057412147522 0.7154540844261646 0.5070688247680664 0.6057840168476105 0.5365338325500488 0.620476120710373 0.5465001970529556 0.5795468360185623 0.7389156237244606 0.489409726858139 0.5670438408851624 0.8544640004634857
0.541013765335083 0.48137621283531185 0.5574964687228203 0.5147138595581054 0.6629588916897774 0.5754575729370117 0.6351813584566116 0.5505113452672958 0.4944275975227356 0.5859326392412185 0.9370413243770599
0.36491807699203493 0.6088763743638992 0.577547800540924 0.5440450847148895 0.3043955206871033 0.4626558721065521 0.4286830306053162 0.5076394617557526 0.6946024095639587 0.5951951593160629 0.6665523171424865 0.624274592101574
0.4997652888298034 0.5313188254833221 0.6942856997251511 0.4825948357582093 0.3292684376239776 0.32997221946716304 0.4679190516471863 0.5844463258981705 0.4146224558353424 0.45100230574607847 0.5718448042869568 0.5014961361885071 0.46608112454414363 0.4081803627312184
0.4364246279001236 0.39943253993988037 0.3839814901351929 0.4787242531776428 0.3890378594398498 0.45344110727310183 0.5003571212291718 0.42235544323921204 0.5184118866920471 0.5177400290966034 0.4059675931930542 0.5459614872932435 0.575756773352623 0.5586566746234893 0.48099409937858584 0.5121963083744049 0.6668736189603806
0.35952113866806035 0.5598465353250504 0.5960152000188828 0.6011736273765564 0.5714965105056763 0.6119441509246826 0.6148403599858284 0.5952516674995423 0.5783477813005448 0.6399735569953918 0.678046464920044 0.5762292265892028 0.4390188872814178 0.5961288481950759 0.6421887308359147 0.35112103819847107 0.5356560111045837
0.2629289507865906 0.37633121609687803 0.5411841928958893 0.4742851495742798 0.476248300075531 0.1101267099380493
0.690157091896981 0.2798308491706848 0.610938909649849 0.6652966111898422 0.6750187322497367 0.6505396649241447 0.7836078479886055 0.7518525816500187 0.7013223096728325 0.7017044305801392 0.7173410311341286 0.6654836505651474 0.6276535034179688 0.5260426580905915 0.6810948878526688 0.4245686292648315 0.7100641954690218 0.6316142797470092 0.6720325380563736 0.418712568283081 0.5557647675275803 0.3987914025783539 0.19789742231369023 0.4168901741504669 0.5419409483671188 0.531316140294075 0.6508851289749146
0.43092321455478666 0.44023573696613316 0.4937492489814759 0.5303636729717255 0.5727922558784485 0.647409101575613 0.713122084736824
0.5234978437423706 0.558793768286705 0.5036771237850189 0.473896735906601 0.45651127696037297
0.27416373491287227 0.3487151682376861 0.4371330738067627 0.5197813868522644 0.615715217590332 0.6576934546232224 0.5079005181789398 0.558429804444313 0.5974344909191132 0.5290022253990173 0.5565065503120422 0.9169803839176893
0.4473175525665283 0.4889202535152435 0.6853812139481306
0.3364287137985229 0.507157814502716 0.5143403559923172 0.44465903043746946 0.4349453806877136 0.5577404975891114 0.5773622483015061 0.5494431674480438 0.3534457623958588 0.48340272605419154 0.4926731586456299 0.5419343829154968 0.5074002325534821 0.5010268568992615 0.4951114594936371 0.5886758625507355 0.5172081053256988
0.5810389414429664 0.5364556320011615 0.5771252155303955 0.7041241556406022 0.5136955499649047 0.5060401320457458 0.4822765707969665 0.5555724322795867 0.5570974528789521 0.888374051451683
0.11360541582107542 0.48204814791679385 0.41984162926673885 0.5608243048191071 0.4227319777011871 0.6173763483762741 0.43652492165565493 0.49018464982509613 0.5175642967224121 0.47388827204704287 0.5061996161937714 0.18964585438370707
0.18207556009292603 0.5770963877439499 0.4601781621575356 0.46594219207763676 0.5199121866375208 0.47027118206024165 0.4467536330223083 0.42577108144760134 0.5371873944997787 0.5208500504493714 0.4620663791894912 0.5311660468578339 0.3628634631633758 0.47818440496921544 0.5786851942539215 0.580294343829155 0.5253455162048339 0.5558989733457566 0.588633269071579 0.22972684204578397
0.29089123010635376 0.48040806055068974 0.5062530815601349 0.3215095341205597 0.5070051848888397 0.5748476624488831 0.5282747089862824 0.6720182716846466 0.7811899598687887
0.5331074476242066 0.6420045182108879 0.5630847632884979 0.547205114364624 0.495050722360611 0.5482630431652069 0.5362481236457824 0.529432874917984 0.7537612769752741
0.501834613084793 0.6248520761728287 0.6550799161195755 0.7014750860631466 0.6115794777870178 0.83420246578753
0.406679916381836 0.5516995191574097 0.598191174864769 0.5514582455158233 0.6407118052244186 0.6111684650182724 0.4708713352680206 0.5290140271186828 1.0514584524556994 0.44690506458282475 0.5418828845024108 0.5390633165836334 0.4561481595039367 0.5132938653230668 0.5941147714853287
0.49058660864830017 0.39363883733749394 0.4444343388080597 0.4411244332790375 0.6736989717930555
0.3925547063350677 0.497492128610611 0.4950623005628586 0.49164285063743596 0.5681807428598404 0.6344875395298004 0.5446312665939331 0.5609734106808901
0.5533203929662704 0.5539540350437164 0.5693363606929779 0.568905359506607 0.6099978044629097 0.5811460226774215 0.6693737268447876 0.6014097481966019 0.5736423194408417 0.5685316383838653 0.53554208278656 0.589224174618721 0.5808206915855407 0.6213597983121872 0.5884003281593323 0.5682131677865982 0.6484237313270569
0.5003809869289398 0.6406671643257141 0.455260306596756 0.4603602528572083 0.538156396150589 0.6237563550472259 0.615213719010353 0.548778235912323 0.6116655707359314 0.6394623905420304 0.8538667358458042
0.22458761930465698 0.3873429596424103 0.5309717416763305 0.6068439304828643 0.5258335828781128 0.47967291474342344 0.5222797930240631 0.19788243900984526
0.30435540676116946 0.5336430549621582 0.5999523907899856 0.6318097233772277 0.5138797536492348
0.42540576457977297 0.6596131742000579 0.6291783094406128 0.588135176897049 0.6459689050912857 0.4782000780105591
0.22517409324645998 0.4549249589443207 0.38697736859321596 0.5465021073818207 0.5174645721912384 0.532422524690628 0.46011607050895686 0.5365769863128662 0.629958376288414 0.3452032327651977 0.5194453120231628 0.5370166718959808 0.6213889718055725 0.4104458153247833
0.29435845613479616 0.44394685029983516 0.7015022795647383 0.5362758100032806 0.41042045950889583 0.5197459161281586 0.425465726852417 0.5300435602664948 0.4796383738517761 0.6294278532266617 0.38276979327201843
0.48045290708541866 0.5352127254009247 0.4935634851455688 0.4838563978672028 0.49292100965976715 0.537680470943451 0.5767918199300766 0.5824003905057907 0.6394825845956802 0.49457762241363523 0.5783557623624802 0.5331097096204758 0.6485927551984787 0.6207275032997132 0.6177264720201492 0.5139267280697822
0.14799662828445437 0.4390707314014435 0.4072790205478668 0.5493403941392898 0.4009269118309021 0.5924186736345292 0.5734409481287003 0.400325334072113 0.5361527681350708 0.5947403579950332 0.48656536340713497 0.6498728975653648
