0.25413768291473393 0.268454372882843 0.4318878412246704 0.41801196336746216
0.5770155817270279 0.4913347482681274 0.36247879862785337
0.3266645789146423 0.4330036997795105 0.2797044813632965 0.6035726606845856 0.5071602940559388 0.5717788279056549 0.4618356227874756 0.6752097904682159 0.4711954653263092 0.6712438583374023 0.5555533647537232 0.46918507218360905 0.4966898798942566
0.1528797030448914 0.36543900370597837 0.2610817670822143 0.3616595387458801 0.5238835692405701
0.27745838761329655 0.47951653599739075 0.2462319374084473 0.40184321999549866 0.44009624719619755 0.23837345838546753 0.484529173374176 0.6519311964511871 0.4837895095348358 0.4143566012382507 0.5004962682723999 0.6482000410556793 0.46165600419044495 0.4033731937408447 0.6679479360580445 0.4699822247028351 0.4255034446716308 0.6450847268104554 0.5176838755607605 0.6054107904434204 0.6467714965343475 0.3415617346763611 0.5596208691596984 0.6474068403244019 0.5077689945697784 0.5349375277757644 0.4053116917610169
0.28385732173919676 0.42858549356460574 0.4632652163505554 0.423217648267746 0.21050473451614382
0.44694870710372925 0.48280263543128965 0.20282918214797974
0.09711785316467281 0.44870223402976994 0.41404983922839167
0.27613366842269893 0.5243925333023072 0.3543950021266937
0.1947902202606201 0.2648892760276794 0.2518308997154236 0.24572424292564388 0.33803511857986446 0.37728531956672673 0.5611310631036759 0.6246651113033295 0.4111458003520966 0.6213326752185822 0.3602968990802765 0.6495772242546082 0.4112484991550446 0.35415074825286863 0.42610813379287715
0.26099086999893184 0.30925475358963017 0.4220779836177826
0.6037036806344986 0.5327588081359863 0.42660185098648074 0.5785725325345993 0.4343096911907196 0.32899183630943296 0.4286047041416168 0.4449170470237732 0.4862686336040497 0.48189035058021545
0.46215071678161623 0.3909433126449585 0.4485133647918701 0.709709270298481
0.2787600636482239 0.5963839024305344 0.4091033220291138 0.2974546909332275 0.5468905866146088 0.4116204440593719 0.6248003005981445 0.4111425399780273 0.4440366148948669 0.45680024027824406 0.415889173746109 0.4447454124689102
0.4660759627819061 0.4722844064235687 0.34527267217636104 0.4629429161548615
0.33553882837295534 0.4510321855545044 0.4319525420665741 0.41445145606994627
0.0818081378936768 0.26796454191207886 0.37635983824729924 0.18739918470382688 0.4887370347976685 0.4909128606319427
0.5194809198379516 0.32359327077865596 0.8017944149672985
0.3753656076267362 0.2532409250736236 0.4851520776748657 0.37347753942012785
0.5113088876008988 0.46749221384525297 0.5258340120315552
0.49785001873970036 0.41603934168815615 0.38735822439193723 0.49941050112247465
0.028867661952972412 0.3195239841938019 0.2844050049781799 0.18551568984985356
0.20470857620239258 0.5734054148197174 0.5461079716682434 0.4494152724742889 0.4045244932174683
0.43377089500427246 0.45509305596351624 0.5535823673009872 0.624671471118927 0.4029727041721344 0.5276989072561264
0.3786230325698853 0.4824047744274139 0.30641065835952763 0.30021231174469 0.2772662520408631 0.5292810082435608 0.29890794754028316 0.5966112673282623 0.41000910401344304 0.5951070070266724 0.44896759390831 0.5990043014287949 0.6152158439159393 0.5632262378931046 0.5755744010210038 0.3935851633548737
0.4194125354290008 0.36552368402481084 0.3525512754917145 0.5145927965641022 0.49530915617942806 0.4374661028385163 0.5005911231040955 0.5502829909324646 0.5383983135223389 0.40889551639556887 0.47682473063468933 0.4893159449100495 0.5707314133644104 0.36748070716857906 0.5208240538835526 0.4342597484588623 0.5186490029096603 0.389152067899704 0.44428756833076477 0.4975763201713562 0.599170845746994 0.5206317186355591 0.445767667889595 0.5073190748691558 0.2871380567550659 0.525032690167427 0.4954677999019623 0.4805251657962799 0.2573304653167725
0.5200588256120682 0.5207678318023682 0.5400471568107605 0.3924172520637512 0.5641063839197159
0.6487098678946495 0.4844885647296906 0.4839966058731079
0.45710714459419255 0.4347732424736023 0.4011037051677704 0.5337884902954102 0.40743200778961186
0.12149746417999263 0.3601546466350556 0.412714546918869
0.5247832834720612 0.3938235461711883 0.4113261818885803 0.48748146891593935 0.588119700551033
0.08997691869735713 0.4229464113712311 0.4497409582138061 0.41368940472602844
0.31308973729610445 0.5265890777111053 0.7699185127392412
0.4188794791698456 0.4412243127822876 0.4951398551464081
0.46145759820938115 0.48219089508056645 0.4624843120574951 0.6697932068258524
0.05780860185623171 0.4016145169734955 0.39841592535376547
0.37133327722549436 0.29152686595916744 0.440428352355957 0.45247196555137636 0.4394527912139893 0.19579222202301028 0.42394297122955327 0.4787797689437866 0.4981574773788452 0.31303054094314575 0.584294530749321 0.5298193693161011
0.5747532218694686 0.5023756563663483
0.07348896265029903 0.23125285506248472 0.2746545553207398
0.37037535905838015 0.4755741894245148 0.5432206690311432 0.4181255459785461
0.3199069023132324 0.5492279529571533 0.4907491326332092 0.49302872121334074
0.5078094661235809 0.33230746984481807 0.38962191343307495 0.5427207350730896 0.5799441456794738 0.3861467361450195 0.32140155434608464 0.5731207013130188 0.6675424337387085 0.44724670648574827 0.4178965508937835
0.4833308219909668 0.3212916433811188 0.54428071975708
0.26519794464111324 0.4768290460109711 0.0725810766220093
0.4176374793052673 0.315963762998581 0.12712016105651858
0.3791148364543915 0.6273928612470627 0.4980215787887573 0.3853837549686432
0.36582204699516296 0.3991755783557892 0.529571944475174 0.5066604971885681
0.614993704855442 0.39539117813110347 0.321885085105896 0.7438168041408062
0.1392897486686706 0.520920604467392 0.14265998601913454 0.4090376257896423 0.5228541016578674 0.23363819122314455
0.262096893787384 0.41923921108245854 0.6272018790245056 0.30917282104492183 0.27686068415641785 0.34937720298767094 0.48503871560096745 0.6364202558994293 0.31148482561111446 0.28909612894058223 0.6624770343303681 0.3613005995750427
0.2663363337516784 0.43880205750465395 0.3511529564857483 0.27917304039001467
0.14114682674407963 0.39189013838768005 0.521332961320877 0.4579235017299652
0.24539000988006587 0.3784740030765533 0.4867595374584198 0.8671982429921627 0.6259559184312821 0.5076304167509079 0.4802423506975174 0.459682822227478 0.45625609159469604
0.020630943775177046 0.2656501293182373 0.29634837508201595 0.29835808277130127 0.3666034579277039 0.2571730375289917 0.3452599704265594 0.6217777252197265 0.336314731836319 0.5462735444307327 0.47637579441070554 0.4748150289058686
0.20824484825134282 0.3018224537372589 0.3620345950126648 0.43036041259765623
0.0559978604316711 0.26983749866485596 0.491563880443573 0.48205344080924983 0.440088403224945
0.21242275238037112 0.4169703483581543 0.17940465211868284 0.7120623826980591 0.3236910223960876 0.27090340852737427 0.7170506656169892 0.33042123913764954 0.43052816987037656 0.4964004993438721 0.4727991819381714 0.47689445018768306
0.3173837661743164 0.2936670303344726 0.24935997724533077 0.27009727954864504 0.3926125466823578 0.5049975275993347 0.3241841197013855 0.6841990351676941 0.49614827632904057 0.6798488557338714 0.3713177502155304 0.3392497777938843
0.35513061881065366 0.47780589461326595 0.4759096264839172 0.39890116453170776
0.2839166522026062 0.3533059775829315 0.37105365395545964 0.638343071937561 0.447889119386673 0.20419739484786992 0.6417521476745606 0.3322443127632141 0.6385792791843414 0.3753848969936371 0.4500607788562775 0.44660226106643675
0.18152446746826167 0.41530151367187496 0.487794092297554 0.3560876905918121 0.6672912001609802 0.49042238891124723 0.4140035808086395 0.47453568279743197 0.6724509716033935 0.491670960187912 0.4844273865222931 0.37537112832069397
0.5175551161170006 0.6086639076471329 0.48511676192283626 0.5675580441951752 0.7420892082154751 0.8241416582837701 0.577033594250679
0.07631626129150393 0.47889885902404783 0.4931103110313415 0.38307089805603023
0.3287966251373291 0.32973935008049016 0.6447370022535324 0.45907262265682225 0.6020110428333283 0.5043746858835221
0.456270569562912 0.5425089031457901 0.530339926481247
0.6663624554872513 0.4512634456157685
0.20287797451019285 0.4778852820396423 0.30527991652488706 0.3962352812290192 0.34054243266582485 0.6470881462097168 0.3921895354986191 0.3529711127281189 0.4447616547346115 0.5327418595552444 0.641451609134674 0.5769457951188087 0.47965730428695674 0.4858935117721558
0.566173866391182 0.44955512285232546 0.4010820984840393 0.4292997241020202 0.5694628655910492 0.2563130140304566
0.2573936223983765 0.6224971920251846 0.4064202725887298 0.4405233561992645 0.44990828037261965 0.3268694102764129
0.46196248233318327 0.4976581037044525 0.45322264134883883 0.532204133272171 0.3824570953845978
0.21968009471893313 0.3415759921073913 0.2033926129341126 0.6072754234075546 0.6782847762107849 0.3794055044651031 0.6831727504730225 0.34047468900680544 0.39481169581413267 0.3872000694274902 0.7074749529361725 0.4564958155155182 0.6188444375991822 0.3272535800933838
0.2461642742156982 0.3306272745132446 0.5138034701347352 0.4614577412605285 0.6345116972923279 0.42838037610054014 0.40583995580673216 0.6385859787464142 0.45263123512268066 0.46327158212661745 0.47476289868354793
0.17558295726776119 0.3584495604038238 0.38312684595584867 0.3465121388435364 0.6788342952728271 0.3113076210021972 0.45201821923255925 0.4153263151645661 0.6858658194541931 0.4963521242141724 0.39733292460441594
0.4466073483228683 0.5136143922805786 0.5301335453987122 0.6878553211688996 0.5090648919343949 0.5581630229949951 0.40333878993988037 0.6933008670806885 0.4611489355564118 0.2513426184654236
0.05817171335220339 0.3941030383110047 0.364293920993805 0.39226313829422 0.500073105096817 0.5256317108869553 0.6503001630306244 0.375956654548645 0.6470507085323334 0.35159180164337156 0.6745131492614747 0.3601030707359314 0.2167862892150879
0.272452586889267 0.38348565101623533 0.30515220761299133 0.28163241147995 0.25417405366897583 0.5102498918771744 0.3747696161270142
0.3082551538944245 0.36923351883888245 0.45948201417922974 0.517298299074173 0.4514525234699249 0.6668727025389671 0.32318586111068726
0.46646409630775454 0.5952010229229927 0.4210170924663543 0.49951298832893376
0.15476200580596922 0.39509069323539736 0.6111109673976898 0.7099909484386444 0.48360050022602086 0.457552969455719 0.4937463521957397 0.7081052094697953 0.5596285730600357 0.2878303289413452
0.577780744433403 0.32880925536155703 0.5146380662918091 0.31084708571434017
0.5978589922189712 0.5173579752445221 0.41471852064132686 0.2762610793113709
0.20963391065597536 0.19664078950881958 0.40738291740417476 0.5068944245576859 0.5142293930053711 0.39955762028694153
0.33037905693054204 0.37970916032791135 0.2711657300591469 0.3339456468820572 0.3743776015937328 0.3328429311513901 0.23496634811162953 0.678174951672554 0.3964436620473861 0.36886284351348875 0.4965832352638244 0.5328550130128861 0.3427272975444794 0.43853209018707273
0.35819543600082393 0.2906756103038788 0.4706727206707001 0.5410461753606797 0.39569538831710815 0.31825662851333614
0.09538855552673342 0.32083846330642696 0.6376376807689667 0.5616862416267395 0.4826617300510406 0.3845255017280579 0.6422711610794067 0.27970914840698247 0.7394392222166062 0.39101435542106633 0.6684557199478149 0.4544945180416107 0.4682307541370392 0.5431140124797821
0.12402348518371586 0.4241161644458771 0.5448904931545258 0.39314752221107485 0.41403183341026306 0.6312081515789032 0.4757013976573944 0.5018882870674133 0.45336792469024656 0.45663538575172424 0.6346395373344421 0.46198685169219966 0.6087791800498963 0.5496629774570465 0.3931878566741943
0.3966088712215423 0.4777608245611191 0.42858867645263676 0.41547533869743347 0.3924638032913208 0.3819164872169495 0.6237126350402832 0.43977196812629704 0.49643164277076723 0.49539759159088137 0.5695965021848679 0.6240677058696746 0.496025162935257 0.5821636289358139 0.456668084859848 0.39375730156898503
0.6264189898967742 0.496448814868927 0.7126946836709976 0.4036109477281571 0.4900102496147156 0.5161295413970948 0.5566264152526855 0.5820670783519745 0.5897615492343903 0.40262116789817814 0.6162839502096176 0.3177255511283874
0.2895505011081696 0.279207319021225 0.45944739580154415 0.4251657605171204 0.5049239277839661 0.45355461239814754 0.589466804265976 0.5060865342617035 0.6626247286796569 0.4938412725925445 0.44448145627975466 0.47285243272781374 0.3815465152263642
0.17117662429809566 0.48301855921745296 0.5067557036876679 0.4169983208179474 0.6365368664264679 0.513349735736847 0.5105692207813263 0.6354259580373764 0.5661092340946198 0.30426704287528994
0.17444943189620976 0.1445948958396912 0.3257995426654816 0.40313255190849306 0.40395004153251646 0.5178909003734589 0.7044675767421722 0.5666682243347168 0.3311084091663361 0.49802511036396024 0.518546724319458 0.3073605358600616
0.23825359344482422 0.2605657935142517 0.4408640921115875 0.3292464733123779 0.25330384969711306
0.17462488412857058 0.4911981523036957 0.49957112073898313 0.41842340230941777 0.3580782532691955 0.29990507364273067 0.39223877191543577 0.396555894613266 0.3539557993412018 0.49610285162925716 0.5370727598667144 0.4680307149887085
0.19645277261734007 0.3304833889007568 0.35104750990867617 0.3807110011577606 0.4565242826938629
0.08656692504882812 0.40483995079994206 0.29760880470275874 0.6393911898136139 0.206855571269989 0.5534009158611297 0.4131548643112183 0.5161396443843842 0.6431033432483673 0.387027096748352 0.34664930701255803 0.5088351309299469 0.4953250586986542 0.3973963618278503
0.30654516220092776 0.2164906740188599 0.40014796853065493 0.7812579057645053 0.2812737345695495 0.3948152303695679 0.3488259017467499 0.6525699973106385 0.17482966780662534 0.4585958540439605 0.6490113198757171 0.4614204466342926 0.6315428733825683 0.36435147523880007 0.5740638554096222 0.368049293756485 0.585629278421402 0.6460319101810456 0.5252257227897644 0.6471106827259063 0.5737433224916458 0.49018873572349553
0.3620340287685394 0.2659847140312195 0.3560777962207794 0.6862322688102722 0.36598238348960876 0.2634822726249695 0.6901950180530548 0.34152337312698366 0.38901553153991697 0.42271453738212583
0.24842069745063777 0.39095028638839724 0.259699422121048 0.5023519188165665 0.7398410499095917 0.4524353623390198 0.5897064626216888 0.7338092535734176 0.6358696043491363 0.537972891330719 0.3927649915218353
0.48790476918220516 0.4904356718063354 0.385419225692749 0.4940337598323822 0.5177199691534042
0.16022973060607915 0.5462540507316589 0.4621312201023102 0.6993732005357742 0.5120287001132965 0.4286406636238098 0.6886577755212784 0.4806688308715821 0.594293749332428 0.5826687216758728
0.2423627018928528 0.38605885505676274 0.41752911806106563 0.5795388519763947 0.4775867879390716 0.576364278793335 0.6032488727942109 0.48896545320749285 0.6418155789375305 0.4966065287590027 0.4480421066284179
0.3522322297096252 0.39433902502059937 0.4746443152427673 0.36453646421432495
0.3120310306549072 0.5024856925010681 0.5708678781986236 0.42404100894927976 0.5237165212631225
0.4298629522323608 0.541092723608017 0.43702733516693115 0.5544525623321533 0.5129379451274871 0.4463431775569916 0.6131029456853867 0.37157010436058047 0.5769393771886826 0.39436770677566524 0.5151074945926666 0.39343056082725525 0.5434459865093231
0.18483932018280025 0.35389343500137327 0.41455634832382204 0.3246294498443604 0.43547997772693636
0.39667540192604067 0.3712457597255707 0.520686250925064 0.4064894795417786
0.5061694562435151 0.3420026898384094 0.3203584313392639 0.46761780977249146
0.3377446174621582 0.518053013086319 0.3443822085857391 0.42031217813491817 0.3794481694698334 0.6393343329429626 0.456591808795929 0.6361848950386048 0.5406510546803475 0.4828662753105164 0.4693429976701736 0.38139500021934514
0.1849663257598877 0.40871067643165593 0.37679026722908016 0.5530032575130462
0.1351266980171204 0.4495740532875061 0.3089631855487823
0.4067095875740051 0.4496028065681458 0.4269584774971008 0.6598406791687011 0.47712351381778717 0.48612582087516787 0.43375310897827146 0.6547254800796509 0.49722124934196477 0.5409850835800171 0.5003566265106201 0.6562778353691101 0.5231470137834549 0.5091425180435181 0.46482591629028325
0.23627029657363896 0.2323379874229431 0.6475161015987396 0.3972849607467651 0.646602326631546 0.4522737622261047 0.4129885196685791 0.64986732006073 0.34950363636016846 0.41418106555938716 0.6749156773090362 0.4345447480678558 0.4519600152969361 0.6464301347732544 0.5168622195720672 0.6502721190452576 0.4171642422676086 0.4893032252788544 0.38621503710746763
0.3626572787761688 0.48854017853736875 0.2633888959884644 0.2749275445938111 0.6531977117061615 0.4198448777198791 0.651962834596634 0.3954505681991577 0.6484630703926086 0.4686081349849701 0.6732724189758301 0.490718686580658 0.4630481004714966 0.36772643327713017 0.4443315029144287
0.3892854154109955 0.415932548046112 0.38125720620155334 0.5147818744182586 0.42966405153274534 0.3717239379882813 0.4862660944461823 0.67444908618927 0.6702785968780518 0.47005864381790163 0.2864303231239319 0.6948655188083649 0.45563783645629885 0.5080284357070923
0.6296255558729171 0.501867800951004 0.46288712024688716 0.35173251628875735 0.36023664474487305 0.5344591438770294
0.5920905143022537 0.3695835769176483
0.25607491135597227 0.3849598228931427 0.34648514986038204 0.39585047364234927
0.15970950126647954 0.4179011464118958 0.29739952087402344 0.519939386844635 0.45784779191017155
0.1200473785400391 0.31301063299179077 0.4605140268802643 0.38218459486961365 0.4357444405555725 0.5439627349376679
0.32771488428115847 0.4394106209278107 0.4122925817966461 0.3751743316650391 0.4339142143726349
0.2922242164611817 0.5025538504123688 0.42002831101417537 0.3499883055686951 0.3956349909305572 0.32462971806526186 0.5452052295207978 0.6225605487823487 0.4508723437786102 0.4166587829589844 0.37317706942558293
0.42150614559650423 0.43259776830673213 0.4290294229984284 0.43112148046493526 0.41723974943161013 0.38803572654724117
0.11701774597167969 0.33643479347229 0.24747485518455503 0.3342317879199982 0.21201083064079285 0.30694979429244995 0.2907615721225738 0.346092164516449 0.41133480668067934 0.5971609383821488
0.35663623213768003 0.4189933359622955 0.18317055702209473 0.5762277483940125 0.5958469569683075 0.3687020778656006 0.2104730248451233 0.6004877030849457 0.447550219297409 0.5474075376987457 0.5135175526142121 0.6290845811367035 0.4719782948493958 0.3576617479324341 0.43632186651229854 0.46442642211914065
0.35974081158638005 0.5739912480115891 0.4369103014469147 0.5449789941310883 0.5035629093647003 0.42185896039009096 0.5368020862340928
0.2563414096832275 0.42003982663154604 0.4359677791595459 0.5825364232063294 0.41883088350296016
0.2306623697280884 0.452781331539154 0.252887773513794 0.49783179759979246
0.20931082963943481 0.4913752913475037 0.3023829877376556 0.5904851078987121 0.7486841560341417 0.7280041918158531 0.7102254495024681 0.714937686920166 0.596029543876648 0.4966162145137787 0.4242518484592438 0.526575580239296
0.2888684868812561 0.40894516706466677 0.5547126293182373 0.5964673191308976 0.7097425341606141 0.5000775575637817 0.5020289093255996 0.637379789352417 0.6557665348052979 0.7056576520204544 0.6241909593343735 0.42109252810478215
0.23590915799140932 0.31226602792739866 0.3658360242843628 0.5928204268217087 0.46615486145019536
0.3175274312496186 0.41892496347427366 0.49042075872421265 0.3708820939064026 0.45065563917160034 0.4551848113536835
0.24775384664535527 0.47284120321273804 0.37535261511802676 0.40888767242431645 0.452345734834671
0.4338500082492829 0.402217710018158 0.48433105349540706 0.28059375286102295 0.30479975938797 0.6302773535251618 0.42214756011962895 0.34757981896400447 0.43267122507095335 0.353784316778183
0.40174362659454343 0.4989141702651978 0.2885072588920593 0.2024822354316711 0.264253306388855 0.2759529948234558 0.6352847576141357 0.4434875249862671 0.3691871762275696 0.36020938158035276 0.5049035847187042 0.5873772829771042
0.36496810317039485 0.5623525083065033 0.509716683626175 0.622180825471878 0.6746340036392212 0.5929609179496765 0.6035249084234238 0.3244245290756226
0.30864880084991453 0.42149873375892644 0.4379544615745544 0.3169433653354645 0.3897687673568726
0.39216142892837524 0.4337879896163941 0.4979578077793121 0.3884948372840882 0.41045169234275813 0.48097531199455257 0.6011217087507248 0.4121136009693146 0.6019974827766419
0.3728808283805847 0.4353265106678009 0.40083585977554326 0.4018825590610504
0.37161637544631954 0.27721419334411623 0.49178467094898226
0.17060704231262203 0.43033477663993835 0.4523332297801972 0.4567252993583679 0.47894829511642456 0.5311481773853302
0.3250882804393769 0.4017253398895264 0.3826022565364837 0.4159334659576416 0.5578511774539947
0.3695880830287933 0.5222352892160416 0.4902518093585968 0.5534949958324432
0.2122004151344299 0.3434435069561005 0.5442753553390502 0.40432474613189695 0.6239885985851288 0.6311625868082047 0.7023687288165092 0.5432502627372742 0.39976514577865596
0.4730752110481262 0.3475334048271179 0.4163906097412109 0.49857174754142763 0.470648854970932 0.470464289188385
0.037172913551330566 0.48777409791946413 0.35022697448730467 0.3635682225227356 0.4387569785118103 0.3909967720508576 0.5299845099449157 0.48580338358879094 0.4512015640735626 0.5400925755500794
0.2297160983085632 0.35366593003273006 0.4321037650108337 0.507131963968277 0.4070559680461884
0.01935157775878904 0.34049643278121944 0.4312969267368316 0.5021130383014679
0.020318675041198775 0.1475226759910584 0.23936371803283696 0.20347335338592532
0.285430371761322 0.22543627619743345 0.23921459913253784 0.43888934254646306 0.3910507261753082 0.44006248712539675 0.3167418599128723 0.43523454666137695 0.4107009470462799 0.5358788430690765 0.558673557639122 0.6216243177652359 0.6479766964912415 0.4618877410888672 0.5021571755409241 0.6145210266113281 0.4688288629055023 0.30382199287414546 0.5221253782510757
0.4345318913459778 0.4741144955158234 0.34506925344467165 0.6114079117774963 0.31538690924644475 0.4349476397037506 0.40155546665191655 0.3706888377666473 0.17056403160095213 0.31216537952423096 0.6308306813240051 0.4380495250225067 0.33690026998519895 0.43346046805381777
0.2286986470222473 0.29384509325027464 0.21917783021926884 0.23289302587509153 0.36496421694755554 0.635125482082367 0.39395790696144106 0.6328622162342071 0.3613552629947663 0.629835969209671 0.4502415955066681 0.27879170179367063 0.4335871070623398
0.12294965982437134 0.4204315483570099 0.21415714025497434 0.29843055009841923 0.49029927849769595 0.48165704607963566 0.5152152061462403 0.6451499164104462 0.5254576742649079 0.37352514266967773
0.269547986984253 0.45847027301788335 0.2736123085021973 0.5314138263463974 0.3666454732418061 0.47507573366165157 0.3594986021518707 0.6234552562236786 0.4462785482406616 0.6198212802410126 0.45710672140121456 0.3389520049095154
0.15033525228500366 0.32831010222435 0.3733029305934906 0.38712964653968807 0.5428677916526794 0.6506659597158432 0.6346920907497406 0.5078832149505615 0.6076807856559754 0.43650028109550476 0.41176185607910154
0.1825745701789856 0.15697379112243648 0.3854558050632477 0.4636629521846771 0.335056209564209 0.2414942026138306 0.6125905036926269 0.37629364728927617 0.6091779708862305 0.22052443027496338 0.5404620468616486 0.6327724397182465 0.34960556626319883 0.30220182538032536 0.4074551910161972 0.3760335803031921 0.39794693589210506 0.6087224662303925 0.4896326541900635 0.6074995338916779 0.4173424422740937 0.1970409274101257
0.1494212627410889 0.3555683314800262 0.3671192765235901 0.17945077419281008 0.3676410377025604 0.36197419166564937 0.586001855134964 0.2723885178565979 0.49787615537643437 0.5828953802585601 0.4028078556060791 0.4679102897644043 0.6123263359069824 0.3295710206031799 0.40898365974426265 0.5885168015956879 0.31544610261917116 0.5819106221199035 0.30154479742050166 0.5638637661933898 0.5869907200336456 0.335592371225357 0.4152606904506684
0.18509423732757568 0.3995867252349854 0.5730939984321595 0.40615921020507817
0.22000423073768616 0.37965476512908936 0.5782000929117203 0.3844149708747864 0.4446532458066941 0.5154374808073043 0.4159434258937835 0.4434639275074005 0.43189440369606014
0.24338814020156863 0.20503636598587038 0.24481701850891113 0.5153965130448341 0.2735863089561462 0.5093654990196228 0.31815710067749026 0.5803577691316605 0.605083554983139 0.21545803546905518 0.4834726512432098 0.40699139833450315 0.37981452643871305 0.49158612489700315 0.3877566576004028 0.5984082221984863 0.49191315770149235 0.5230380237102509 0.5996823728084564 0.45778477787971494 0.6337831199169159 0.601429533958435 0.44135639667510984 0.49612757265567775 0.6049228787422181 0.4472758889198303 0.3566237330436707
0.17191430330276491 0.46575112938880925 0.3749711990356446 0.3396293699741364
0.19758776426315305 0.16230279207229614 0.23494523763656616 0.4497894048690796 0.6098664999008179 0.33443893194198604 0.39007804989814754 0.2900192141532898 0.47983261942863464 0.3592581689357758 0.38509466052055363 0.6405024528503418 0.31696201562881465 0.5188263535499573 0.39508751034736633 0.6097699522972106 0.3831360220909119 0.32958387136459355
0.22386540770530705 0.413066565990448 0.33205791711807253 0.48470582962036135 0.370427006483078 0.6746239721775055 0.4269100904464722 0.7806278675794601 0.4737901568412781 0.6907805621623992 0.37628940939903255 0.35412306189537046 0.5471770763397217 0.41851508617401123 0.49873821735382085
0.3558787703514099 0.3291120588779449 0.4168872117996216 0.3950627982616425 0.5084446609020233 0.534886047244072 0.3880234360694885
0.2822844803333282 0.44774439334869387 0.6362481892108918 0.2903562664985657 0.3003915846347809 0.35811675190925596 0.3819942533969879 0.634185653924942 0.4397744476795197 0.6662615180015564 0.3825152397155762 0.4313655734062195 0.6187484502792359
0.3753156065940857 0.3934029996395111 0.2614477157592774 0.6476523518562317 0.45026285648345943 0.4688056290149689 0.3760094940662384 0.47529823184013364 0.4688604354858399
0.5610991418361664 0.5731303691864014 0.37232509851455686 0.4874388754367829 0.6121946156024933 0.4307079315185547 0.46688576936721804 0.43282203078269954 0.6146184384822846 0.48402535915374756 0.5438633561134338 0.2975427627563476 0.5877654790878296
0.4324921011924744 0.4298354029655457 0.4019279837608337 0.34258695840835574 0.47831338047981264 0.4368135333061218
0.4306130647659302 0.3735317170619965 0.47958363294601436 0.7508302502334118 0.4943994879722595 0.4041916072368622 0.4830691277980804 0.4247883021831512 0.45650683045387264 0.5267330229282379 0.5567675352096557
0.26077225208282473 0.46983092427253725 0.42258428335189824 0.4570167243480683
0.1856447458267212 0.2804707765579224 0.2261651396751404 0.5097166895866394 0.4067266702651977 0.5551735103130341 0.2682026386260986 0.47249137163162236 0.6365693628787994 0.39273256063461304 0.554869431257248 0.37714095115661617 0.6621863842010498 0.5182860910892486 0.45554425120353703 0.4786748826503754
0.4191612243652344 0.3475225985050201 0.40700122714042664 0.43332012295722966 0.46472448110580444 0.6219154715538024 0.5078638613224029 0.423773181438446 0.5279569983482361 0.42290763854980473
0.5458167612552642 0.4327030718326569 0.36948129534721375 0.6681059420108795 0.6889990776777267 0.48155004978179927 0.6203946888446807 0.4533958375453949 0.4538789570331574 0.37991955876350403 0.5859669029712677 0.4593812882900238 0.6134161949157715 0.49406024217605593 0.4968568563461304 0.5306996643543244
0.21630648374557493 0.23646192550659184 0.34352961778640745 0.29573253393173216 0.45477414727210996 0.2923663973808288 0.7014317870140075 0.3535883009433747 0.40929571390151975 0.5159927308559418
0.21414732933044434 0.4014276206493378 0.34132404327392574 0.40837854743003843 0.347466379404068 0.41108497977256775
0.30164093971252437 0.42022381424903865 0.4065835773944855 0.6402972638607025 0.5990502715110779 0.4268872082233429 0.52821643948555 0.4228213965892792 0.5154652416706085 0.5333044469356537 0.45934455990791323 0.5613962829113006 0.5862451165914535
0.1820775985717773 0.5353822350502014 0.3971010327339173 0.6543554410338401 0.4526963651180267 0.33718456029891963 0.42799514532089233 0.4925598055124283 0.4345416486263275 0.6241211771965027 0.3245967507362366 0.3514379024505615 0.3982945799827575 0.6223835349082947 0.6120378047227859 0.541491374373436 0.6438535392284394 0.5459005296230316 0.5013559311628342 0.5216353416442872
0.2787580728530884 0.6369517624378205 0.33636128306388857 0.3631566643714905 0.5601270973682404 0.3153319001197815 0.4869865417480469 0.49310296177864077 0.4286525249481201
0.32274122238159175 0.4507965564727783 0.499724668264389 0.44061736464500423 0.4806773781776428 0.30372416973114014
0.15905976295471191 0.5159581899642944 0.4206096172332764 0.4624668598175049 0.36343953013420105 0.4221880376338959 0.4378463864326477
0.3587883293628693 0.2478206038475037 0.38951420485973354 0.20566408634185795 0.2688140273094177 0.34770426750183103
0.12517429590225215 0.6028993844985961 0.3842915654182434 0.5411581993103027 0.4177439212799072 0.34749872684478755
0.288716197013855 0.1760823249816894 0.2751573920249939 0.473381119966507 0.42113504409790037 0.42792564630508423 0.27291233539581294 0.6308157086372376 0.23863084316253658 0.62845299243927 0.3168747127056122 0.658041113615036 0.45442451834678654 0.34359904527664187 0.308239483833313 0.6085838109254837
0.22731848359107976 0.29112545847892757 0.43989980816841123 0.4233246564865112 0.5081999957561493 0.49952005147933964
0.4433887004852295 0.5052168395370245 0.40143538713455196 0.40173629522323606 0.4464492738246918 0.4613019943237304 0.2837969243526459 0.3442718863487244 0.49179039597511287 0.39428406953811646 0.4919349074363708 0.6233316421508789 0.5217858612537384 0.5018872201442719 0.4591342806816101 0.5398080706596374
0.4999492108821869 0.20296013355255127 0.3481290519237519 0.44836595058441164 0.560478562116623 0.5173023223876954 0.5987356841564179 0.5139838695526123 0.5868552416563034 0.5888370454311371 0.600469920039177
0.3624594509601593 0.4475507140159607 0.44123864769935606 0.4047954440116882 0.6393519937992096 0.346940529346466 0.5184214234352111 0.6346382677555085 0.5044954657554627 0.2692965149879456 0.4702954769134522 0.47633998692035673
0.36365531682968144 0.5411241561174392 0.4764077931642532 0.5140555649995804 0.4453041881322861 0.5042652755975723 0.5823035538196564 0.41734887361526485 0.4262978553771972 0.4909028381109237 0.5500824630260468 0.5366575062274933 0.4807949125766754
0.14066588878631592 0.251283073425293 0.44008727669715886 0.34828987121582033 0.6470063507556916 0.3390877485275269 0.3170676827430725 0.642054808139801 0.3741993963718414 0.3955463469028473 0.18509712219238283 0.6408342123031616 0.37935881018638606 0.6456008434295655 0.4709565281867981 0.6384136378765106 0.3003745555877686 0.643496698141098 0.36988651752471924 0.39137182831764217 0.39213775992393496
0.18655123710632326 0.5469465911388397 0.5855895102024078 0.47312783598899844 0.4937257289886474 0.4283900558948517 0.48208169341087337 0.40380792617797856 0.36430648565292356 0.35662421584129333 0.4426397860050202 0.4689375013113022
0.2711610794067383 0.33181805610656734 0.33770216107368467 0.5867762714624405 0.32494750022888186 0.4402954995632171 0.49384869337081905 0.5144936263561248 0.4728675544261932
0.44887698292732237 0.5152527809143066 0.4764177560806274 0.4676268398761749 0.560817739367485 0.38867953419685364 0.5929125279188157 0.47957389354705815 0.538088595867157 0.6584584772586822 0.5510407984256744 0.5008188426494599 0.47162429094314573
0.15680037736892705 0.3323999166488647 0.45376905202865603 0.313856589794159 0.357081925868988
0.4514504790306091 0.7084049075841904 0.5818124383687973 0.4194621294736862 0.5328211098909378 0.5372484177350998 0.6969450742006302 0.5599306643009185 0.5571666061878204 0.5753975287079811
0.1454753875732422 0.33341462612152095 0.4328548014163971 0.1428562641143799 0.3840704828500747
0.08755881786346431 0.36378818154335024 0.47545481920242305 0.3233248651027679 0.32449057698249817
0.3130207359790802 0.6225276380777359 0.3375430166721344 0.7072811335325241 0.5428331822156907 0.4745829284191132 0.4583980798721313 0.7435678273439408 0.711146068572998 0.424886554479599 0.36754383444786076 0.4955769300460815 0.2836589217185974
0.3921826183795929 0.4764690279960633 0.4496484279632569 0.5468282163143158 0.36568707823753355 0.4860924065113068 0.4872173726558685 0.47838429808616634 0.4125702440738678 0.645628035068512 0.5275375187397003 0.4073642730712891 0.4382463932037354 0.402229231595993
0.30644443035125735 0.46760141253471377 0.4966758280992508 0.5371851354837418 0.4504891633987427
0.25549968481063845 0.16812346577644344 0.2424421548843384 0.05120939016342163 0.2250812888145447 0.7126742035150528 0.4915491878986359 0.4508662641048431 0.26546392440795896 0.19037859439849858 0.6247687339782715 0.4407993137836457 0.6295077443122864 0.3716954112052917 0.6219117879867554 0.5091475367546081 0.6250442683696746 0.3361767828464508 0.6268858075141907 0.38462431430816646 0.37303072214126587
0.37815437912940975 0.4836510717868805 0.5790157526731491 0.46073954254388805
0.35317263007164 0.5281102150678635 0.6876377053558826 0.3834594488143921 0.510871171951294 0.577598438411951 0.5365483105182648 0.5616145372390747 0.33706654310226436 0.6326621174812317 0.6520871534943581 0.48646004498004913 0.544380521774292
0.32469238042831416 0.4952948212623596 0.45098041296005253 0.3611707627773285
0.42130519747734074 0.32983272671699526 0.5431256711483001 0.562044769525528 0.24871332645416255 0.41451156735420225 0.3930849492549896 0.525080782175064 0.5665983617305755 0.34197535514831545 0.31178692579269407 0.39991998076438906 0.42934563755989075 0.43738883137702944 0.4302959263324737 0.4113338887691498 0.3947662770748138 0.4706919372081757 0.42909835577011113
0.2120652198791504 0.21927381753921504 0.37500524520874023 0.6026529550552369 0.3164748549461365 0.43392042219638827 0.20938351154327395 0.4919128715991974 0.6062460958957672 0.2491059064865112 0.3695643603801727 0.41896620988845823 0.5054600983858109 0.32111350297927854 0.5726920336484909 0.42064846158027647 0.5467065155506134
0.4210070610046387 0.6253883183002472
0.3681772172451019 0.4688729405403137 0.5327523142099381 0.4659559607505799 0.620634126663208 0.4560777366161346 0.5747362017631531 0.6264774739742279 0.47245442271232607 0.5865193128585815 0.4217253208160401 0.5873151987791061 0.6458341300487518 0.33014420866966243 0.5424893409013748 0.4146839141845703 0.48967587351799013 0.6210587739944458 0.456855195760727 0.5399958789348602 0.6243732631206512 0.4215571463108063 0.6201475381851196 0.5206447839736938 0.5075431883335113 0.5133912622928619 0.46507793068885805
0.16332780122756962 0.3560410857200622 0.4396787345409393 0.6032632857561111
0.22925341129302979 0.43566886782646175 0.48418442010879514 0.3919731259346009 0.6427612781524659 0.4234410524368286 0.4246493637561798 0.5045025289058686 0.6459696829319 0.4481866836547852 0.5013660311698913 0.6433690667152405 0.3952184677124023 0.6601834565401077 0.5077097415924072
0.3197729110717773 0.34168024659156804 0.48884587287902836 0.41362081766128544 0.5215639293193817 0.40399016141891475 0.5866689831018448 0.4781233072280884 0.5535000145435334 0.19178636968135832 0.5242547452449798 0.18699148297309875 0.47570930719375615 0.44252034425735476 0.19768961071968083 0.46405567526817326 0.4917274594306946
0.31022940874099736 0.4229689478874207 0.5964924693107605 0.48146231770515446 0.245755460858345
0.02681001424789431 0.24110636115074158 0.503540089726448 0.3458980619907379
0.36961966156959536 0.5641226321458817 0.439709746837616 0.48634089231491084 0.44049213528633113 0.6045646846294404
0.4507158279418946 0.38324458003044126 0.5778577327728271 0.540981900691986 0.6631446480751038 0.7079796928912401 0.5060471177101136 0.5617088347673416 0.5558927565813064 0.2576470494270324
0.41109189987182615 0.5246131241321563 0.4056353390216827 0.4729857206344604 0.6108938485383988
0.4222482860088348 0.3422829508781433 0.4115838527679443 0.4550758898258209 0.4885843873023987
0.45794081687927246 0.508261376619339 0.44935523271560673 0.4970381081104278 0.7005703568458557 0.46394485235214233 0.5311191499233245 0.47494132816791534
0.4231230735778808 0.583185464143753 0.6299770280718804
0.4715575337409973 0.471671599149704 0.5842745423316955 0.525466936826706 0.6416445761919022 0.6213976621627808 0.5973252147436142
0.5273704022169113 0.5171373963356019 0.5685202062129975 0.6042209878563881 0.4555794179439545 0.5202026307582855 0.6386034965515137 0.4986044466495514 0.7028331369161606 0.5397562205791473 0.46521142721176145
0.3148873209953308 0.5226491928100586 0.6887967124581337 0.46707625985145573 0.5803228080272674 0.4035706877708435 0.603212782740593 0.5298974931240081 0.49074892401695247
0.5605805546045304 0.6193308174610138 0.4052039802074432 0.4390806257724762 0.5454417765140533 0.4567589223384857 0.5513880372047424 0.5778231233358383 0.5826808661222458 0.6855922639369965 0.5427041321992874 0.46405029892921446
0.5350059747695923 0.28831005096435547 0.502071225643158 0.5356151789426804 0.6205055013298988 0.5628333687782288
0.44785161614418034 0.48429594635963436 0.3493728160858154 0.3798915326595307
0.4547522455453873 0.4773746848106384 0.5213186264038085 0.5579876363277435 0.48477935791015625 0.5154262602329254 0.5354561895132065 0.5738463714718819 0.446761679649353
0.3796147108078003 0.4241362869739532 0.5113191187381745 0.4330647170543671 0.5661580413579941 0.5077936500310898 0.6436939060688018 0.5377758294343948 0.46240068078041074
0.2900350451469421 0.4884514570236206 0.43442029953002925 0.5969494581222534 0.4442718148231506 0.6422172725200653 0.384029108285904 0.4549060940742493 0.4540734767913819 0.6340032093226909
0.19352822899818423 0.40857463479042055 0.5264146775007248 0.4011071026325226 0.43891428709030156
0.23373396396636958 0.19338992834091184 0.4739203333854676 0.6045692086219787 0.23259471654891972 0.5741099119186401 0.6544231057167054 0.397144615650177 0.4559696078300476 0.6551825404167175 0.35589063763618467 0.6577697455883026 0.4857025861740112 0.5527753949165344 0.6574920833110809 0.3375111639499664 0.6529689252376556 0.5228330492973328 0.656266963481903 0.5571517080068589 0.652579528093338 0.37008294463157654 0.7696773020550609 0.6553751587867737 0.561102318763733 0.44924377202987675 0.4318383991718292
0.29726696014404297 0.665010267496109 0.6528597325086594 0.6975776635110378 0.5512365967035293 0.7617588460445404 0.5652272462844848 0.5231456756591797 0.4889833956956864
0.33574182689189913 0.541639706492424 0.669522337242961 0.6203354895114899 0.6745144933462143 0.6429272554814816 0.5854084134101868 0.6954178638756275 0.6610285758972168 0.6275154147297144 0.6310973942279816 0.543396121263504 0.6324521183967591 0.5833964407444 0.6279877305030823 0.6101578563451767 0.6495268046855927 0.8601603643968702 0.6919697325654852 0.7895935148000717 0.6214743031188845 0.7735964819788933 0.6486393749713898 0.6357119470834732 0.6105288863182068
0.4069468915462494 0.5417965799570084 0.5821032375097275 0.426813542842865 0.4577532172203064
0.5360596001148223 0.5670084565877914 0.46638809740543363 0.5194466471672058
0.10305851697921753 0.29919556379318235 0.242267906665802 0.49161720275878906
0.3536529242992401 0.20690524578094482 0.5280221998691559 0.36484816670417786 0.5083601951599122
0.3800149202346802 0.6911886774003506 0.452398419380188 0.5110567271709442 0.650128298997879 0.4268920004367829 0.4811690509319305 0.4894757747650147 0.30711600184440613 0.49089936614036556 0.6526468455791473 0.5550792813301086 0.64924356341362 0.5360377788543701 0.5469783842563629 0.43894500136375425
0.5147288322448731 0.5683884069323539 0.4334326446056366 0.30724595785140996 0.5315930187702179 0.40272824764251713 0.6724042773246766 0.4415057182312012 0.671370005607605 0.4356364488601685 0.5169785439968109
0.44374856948852537 0.5025903701782226 0.492275920510292 0.43181000649929047
0.34126788973808286 0.2440481305122375 0.44995659589767456 0.3505234241485595 0.4164880692958832 0.6813368737697602 0.43247330784797666 0.45054200291633606 0.7030225694179535 0.3212989151477814 0.6839415192604065 0.4469735741615295 0.32694377899169924 0.5129079997539521
0.9023683734238148 0.49352420270442965 0.5776809394359589 0.5633230030536651 0.5032668828964233 0.6550978660583496 0.5231905221939087 0.5701789319515228 0.9165574327111244 0.686518669128418 0.42420876026153564 0.5654348388314248 0.6513939619064331 0.3669774603098631 0.39177428856492047 0.5181047059595585 0.5117879077792168 0.6518279314041138 0.607758266851306 0.6084164813160896 0.5085467338562012 0.5784646064043045 0.6107024326920509 0.6599002242088318 0.5022653222084046 0.5098751187324524
0.5320882260799408 0.5830343812704086 0.48593179881572723
0.29732409715652464 0.38010652065277095 0.5205908268690109
0.49356270432472227 0.6097792014479637 0.6447915288154036 0.6580751474946738 0.5571406841278076 0.5815026387572289 0.6475200597196817 0.6320646360516549 0.5834702491760254 0.6078742376528681 0.6508875288069248 0.6302045311778783 0.6457442909479141 0.593358789384365 0.6038092762231827 0.5772885024547577 0.6222027257084847 0.6861917197704315 0.6134861230850219 0.5734188452363014 0.6396776746958495 0.6423766107298434 0.5816720187664032 0.4129698038101196
0.3685594022274017 0.31866100430488586 0.5373823404312134
0.4406811535358429 0.6093130230903625 0.4824209332466125 0.31898373961448667 0.45623335242271423 0.612303739786148 0.4531416237354279 0.6094343721866607 0.524045878648758 0.3752028703689575
0.331349766254425 0.46611460447311404 0.44656335115432744 0.17530896663665774 0.3417167663574219 0.7028217583894729 0.4827967047691345 0.6983553260564804 0.4818644285202026 0.25190867185592647
0.4380433917045593 0.42005380392074587 0.413544824719429 0.49760775864124296 0.46626682281494136 0.5144054770469666 0.5073205530643463 0.5507906258106232
0.5660758942365647 0.3930097222328186 0.454840749502182 0.5356978178024292
0.45890988707542424 0.2468378782272339 0.4600399404764175 0.2831941366195678 0.6000136315822602 0.5060210525989532 0.47545609474182127 0.5316594958305358 0.20238865613937373 0.37630833387374873 0.46500271558761597 0.6034768760204315 0.39548065662384035 0.6475051611661911 0.4582328736782074 0.40436148047447207 0.6283879399299621 0.5781570732593536 0.5117987871170044 0.4436465859413147 0.6004932224750519
0.15450363159179692 0.15417039394378662 0.3357420444488526
0.032579898834228516 0.17567117214202876 0.6468683362007142 0.14791312217712405 0.6674848049879074 0.3879649341106415 0.4651047050952911 0.6986651211977005 0.6193551063537598 0.5612070620059967 0.35859345197677617 0.42663646638393404 0.3526816725730896
0.21407576799392702 0.3078719794750213 0.3199430584907532 0.22682322859764104 0.40920580625534053
0.4534956336021423 0.4203984200954437 0.430351585149765 0.4424331247806549 0.46055817008018496 0.45682609677314756 0.5770587384700775 0.33410364985466
0.36062709689140315 0.37455299496650696 0.43442319035530086 0.438493800163269
0.2080833077430725 0.3734518885612488 0.15034345388412473 0.29227415323257444 0.39909767508506777 0.4653265595436096
0.3978750884532929 0.25301195383071895 0.2995930194854737 0.2598499357700348 0.501381641626358 0.28962862491607666 0.6337073266506195 0.4015046834945679 0.38548364043235783 0.6610016644001007 0.33642159104347225 0.44021080732345585 0.45780598521232607
0.5305626362562179 0.41660447716712956 0.4940680801868439 0.5098516643047333
0.10457959175109866 0.5929119706153869 0.37720028758049007 0.29984970092773433 0.5414398849010468 0.2620750069618225 0.41797389388084416 0.6271976411342621 0.31446826457977295 0.4919305324554444 0.6239824533462525 0.2636752426624298 0.4889763295650482 0.3222497642040253 0.47229825556278227 0.6224257111549377 0.4042950809001923 0.4618263721466065 0.5388292402029038
0.4570917367935181 0.39924713373184206 0.44698968529701233 0.49032308459281926
0.18512841463088991 0.34776995778083797 0.3239766597747803 0.6281538546085358 0.4304871320724487 0.18298472166061397 0.3327658593654632 0.6280489683151245 0.44818195700645447 0.6537210166454315 0.3434034585952759 0.39070711135864256 0.6340414226055145 0.42464463710784917 0.6269959092140198 0.5080132395029068 0.6307573616504669 0.43867830038070676 0.549313485622406 0.2991192221641541
0.38548377752304075 0.5285109043121338 0.7126444011926651 0.528838849067688 0.48435329198837285 0.7008253425359726 0.45584409236907963 0.48991037011146543 0.4045269787311554 0.37925145626068113 0.7052431762218475 0.4842579424381256 0.4294751822948456 0.4719671368598938
0.6027820020914078 0.44658107757568355 0.34512724280357365 0.44144327044487 0.42367153167724614 0.47386658787727354 0.5071689009666442
0.05125093460083008 0.13155120611190796 0.45268173217773433 0.3315045237541199 0.4001794040203095 0.5908716857433319 0.4289444506168365 0.5644437313079834 0.5898950576782227 0.5358667075634003 0.603927218914032 0.4140138864517212 0.3399585068225861 0.29433662891387935 0.4541944026947021
0.29972771406173704 0.4473816275596618 0.5048932671546936 0.43612062335014345 0.47999747395515446 0.41038671135902405 0.5321472674608231 0.6417597770690918 0.4720501244068146 0.512817519903183 0.6385204315185546 0.4314894020557404 0.7753895558416843 0.6608356773853302 0.3923610329627991 0.4254797220230102 0.4101952910423279
0.0 0.36302845478057866 0.3968285322189331 0.3770467281341553
0.1782659888267517 0.34915733337402344 0.4138265013694763 0.5293137848377227 0.39121906161308284 0.771053996682167 0.4766131162643432 0.4786848485469818 0.43278720378875735 0.5655530720949173 0.6340360581874848 0.37818892598152165 0.46158375144004826 0.4996842801570892
0.05454452037811275 0.40352116823196416 0.5617403447628021 0.30084949135780337 0.5524390399456024 0.40978089570999143 0.5177636921405793 0.3842409968376159 0.30110425949096675 0.30895116925239563 0.28751664161682133 0.4375396251678467
0.43056312799453733 0.27431813478469846
0.38860804438591 0.2182254195213318
0.3115991711616516 0.3110421061515808
0.47028015255928035 0.4354732036590576 0.48695441484451296 0.49272719621658323
0.49228249788284306 0.440524411201477 0.44632955193519597 0.8817458353936672
0.20839069485664363 0.4002763867378235 0.45675807595252993 0.4612847566604614 0.660839706659317 0.5157486915588378 0.5456699848175048 0.44363047480583195 0.6610869884490966 0.5742780074477196 0.3200808644294739
0.35503937602043156 0.45312439203262334 0.43715913295745845 0.49360049366950987
0.2553931713104248 0.3522598385810852 0.10770980119705198
0.31254551410675047 0.4653419554233551 0.5471385031938553 0.6156086981296539 0.3838446795940399
0.07154722213745113 0.3023284077644348 0.37708706259727476 0.6068016231060028 0.2019971966743469 0.4195225775241852 0.5329634368419647 0.4830533802509308 0.601889842748642 0.47688653469085696 0.4518248975276947 0.3741117358207703
0.416022390127182 0.4078704237937927 0.23194929361343386 0.32297319173812866 0.23543965816497803 0.6557652652263641 0.27902139425277706 0.2278738856315613 0.6795007109642028 0.31889550685882573 0.3006121635437011
0.23057527542114253 0.4117506861686706 0.22451318502426143
0.26709915399551387 0.3040011793375015 0.3371163308620453 0.4428596675395966 0.32956396341323857 0.5739139020442963 0.34602428078651426 0.6710966601967812 0.6199915766716003 0.47058980464935307 0.5162464380264282 0.6175729095935821 0.31356948614120483 0.5351633489131927 0.6440644502639771 0.49001844525337224 0.481088250875473 0.4289940297603607 0.5244256794452667 0.3344256579875946 0.37195978760719295
0.234478485584259 0.2938005149364471 0.27406386137008665 0.5272843688726425 0.320436280965805 0.36339398026466374 0.6349250316619873 0.43243057727813716 0.510667335987091 0.6294491171836853 0.3635541796684265 0.6008278131484985 0.6575346708297729 0.3503214836120605 0.4096560776233673 0.6271343529224396 0.4045774042606354 0.6310122847557068 0.44326897859573366 0.5637037038803101 0.6234948083758354
0.20122385025024414 0.35406253337860105 0.39750264883041386 0.2839324593544006 0.2741786360740661 0.3035666704177856 0.33465273976325993 0.7163176357746124 0.46421678662300114 0.5115616023540497 0.29630452394485474
0.47615181207656865 0.4370755791664124 0.4427594423294068 0.4222196757793426
0.22020537853240962 0.35864741206169126 0.4980556309223175 0.6368499755859375 0.4232221662998199 0.40604281425476074 0.6401871502399444 0.4914679616689682 0.5200245678424835 0.47950636148452763 0.5841010749340058 0.41008043885231016 0.4465122759342194 0.6401871502399444 0.5024027049541473 0.5266999721527099 0.45666194558143614
0.34493407011032107 0.4341298580169678 0.40009083151817326 0.5097817361354828 0.5326715767383575 0.41237699389457705
0.556014034152031 0.33122205138206484 0.4217953205108642
0.4085660099983215 0.3316844940185547 0.3987539052963257 0.404802018404007 0.5113971024751663 0.4430062294006347 0.4951036989688873 0.4333414554595947 0.6131696283817292 0.3904523968696594 0.5387114256620407 0.635807090997696 0.40409032106399534 0.4590655565261841
0.4110565066337586 0.3633598625659943 0.40227153599262233 0.31126904487609863 0.2723057508468628 0.4792869746685028 0.27979680299758913 0.6419610023498535 0.2706365525722504 0.4232838928699494 0.41078153252601624 0.4938029944896698 0.515394538640976
0.40583105683326726 0.4260373651981354 0.381386524438858
0.4969024211168289 0.5090827584266663 0.5096827805042267 0.38993920087814327 0.4093611240386963
0.5760081529617309 0.6555996298789978 0.45041965544223783
0.31025547385215757 0.23020375967025752 0.0882757306098938 0.12181538343429565 0.37767119407653804 0.2867464661598206 0.16773040294647212 0.6308769524097443 0.6081639885902405 0.34274608492851255 0.308154147863388 0.6174089729785919 0.2148974299430847 0.29236675500869747 0.5693350195884704 0.251612913608551 0.5956217765808105 0.46435105204582217 0.1512553930282593
0.4836002171039582 0.4754239559173584 0.4571987450122833 0.4192214012145996
0.0 0.39901800155639644 0.5467385828495026 0.41258867979049685 0.4741094827651977
0.18309441804885862 0.34431793689727785 0.3210358142852783 0.2651994943618774 0.23060057163238523 0.674638307094574 0.25564066171646116 0.30933555364608767 0.6967307090759277 0.43614541888237 0.3529019713401794 0.5122551500797272 0.3970869064331055 0.4024320185184479
0.23932987451553345 0.3770036578178406 0.46633285880088804 0.31178593039512636 0.5017959654331208
0.3688101530075073 0.43356190919876103 0.44235811233520506 0.3474360167980194 0.4357392847537994 0.4193497478961945 0.43213182091712954 0.30606591105461123 0.6286109268665314 0.5649379432201386 0.37450396418571474 0.43991676568984983
0.273494279384613 0.6181233547627926 0.3503378689289093 0.6671036660671235 0.491182667016983 0.47207739055156706 0.6702098727226258 0.6787349179387092 0.350194263458252 0.38769308924674983
0.14135032892227173 0.5271620392799378 0.3424463212490082 0.46118906140327454 0.31995767951011655
0.4124949395656585 0.606742775440216 0.4111472725868225 0.42409963011741636 0.2957536578178406 0.45006805658340454
0.1894290924072266 0.4561680138111115 0.37080743312835696
0.2693173587322235 0.37269176244735713 0.4268974423408508 0.5207525014877319
0.3427268743515015 0.3414881229400635 0.3561084687709808 0.6124512910842895
0.1548661828041077 0.45927004218101497 0.48307408094406123 0.3095779657363892
0.34339308738708496 0.4977819323539734 0.5154787361621856 0.3660936295986176 0.5604015767574311
0.2192979693412781 0.445498776435852 0.5158501207828522 0.48650385141372676 0.5660709500312805 0.49929643273353574 0.6130951762199401 0.5104786694049835 0.5409804224967957 0.5815714418888092 0.610520476102829 0.5881432235240937 0.6335472077131271 0.5001222610473632 0.6129618912935257 0.47661587595939636 0.5339527130126953 0.6100042998790741 0.5940362960100174 0.6153454482555389 0.5483408749103547 0.606860876083374 0.49167137742042544 0.4507892847061157
0.35031145215034487 0.31793611049652104 0.40057126879692073 0.5437066912651062 0.3989838838577271 0.4951289057731628 0.22557909488677974 0.5976394653320313 0.6538665950298309 0.6046405494213104 0.4267922043800354 0.6500080108642579 0.5094906628131867 0.6807571947574615 0.6261139243841172 0.4556306421756744 0.4161472678184509 0.28382356166839595
0.17693824768066402 0.2684138178825378 0.45443432927131655 0.2780838251113892 0.32061414718627934 0.3457945764064789
0.3029376804828644 0.4967348754405976 0.4152375280857086 0.24000087976455686 0.5847535014152527
0.2797910690307617 0.22128463983535762 0.5658095389604568 0.46287879943847654 0.40428243875503544 0.38694841265678404 0.45053734183311467 0.427411162853241 0.5449707925319671 0.5901666343212127 0.528839772939682 0.45124803781509404 0.6208713769912719 0.5323996424674988 0.31871447563171384 0.44992840886116026 0.46712641119956966 0.5890885651111603 0.48972008824348445 0.5937843501567841 0.6018517732620239 0.5705104857683182 0.5868305921554565 0.5090394675731659 0.5907902419567108 0.6733357086777687 0.505193954706192 0.5916762530803681 0.4754022598266602 0.46655803322792055 0.4588382005691528 0.4828293979167938
0.26212782263755796 0.47397803068161015 0.2870674192905426
0.6230024993419647 0.41585288047790525 0.4862547934055328 0.3302322864532471
0.34983100891113283 0.40418815016746523 0.2836402654647827 0.4333365797996521 0.5171383917331696
0.31120067834854126 0.5019062936306 0.48497557640075684 0.4302308797836304
0.21918503046035764 0.41163309216499333 0.3962304890155792 0.3745610356330872
0.40005551576614384 0.4673914909362793 0.39088134765625004 0.4682534217834473 0.23046007156372073 0.33727660179138186 0.32441225051879885 0.5057845890522004 0.6130505383014679 0.46198846697807316 0.4171032786369324
0.3850161790847778 0.4840388476848603 0.2907308459281921 0.36062951087951656 0.3239564001560211 0.22822054624557497 0.2802114188671112 0.3474802196025848 0.5096832036972045 0.6532850086688995 0.4645149230957031 0.4390433251857757 0.5136785924434661
0.23482099175453186 0.4952132344245911 0.192765474319458 0.355502438545227 0.5313768148422241 0.6174507856369018 0.30775466561317444 0.512315034866333 0.27794955968856816 0.42637901902198794 0.6206889390945435 0.45903441309928894 0.5222202420234681 0.3998664319515228 0.44742519855499263 0.5446152329444885 0.3924711465835571 0.6161386549472809 0.5403594851493836 0.4222578883171082 0.5067723035812378 0.5948830425739289 0.6675255551934243 0.4754000782966614
0.2931323289871216 0.2714020013809204 0.4237723827362061 0.43647209405899046 0.38098943829536436 0.5157707989215851 0.2960312306880951 0.43079656958580015 0.6262582242488861 0.5383112967014313 0.6229615390300751 0.4280957996845245 0.5543005585670471 0.6538451254367829 0.6275452941656112 0.42062551379203794 0.41657636165618894
0.21315867900848384 0.8180068084737286 0.49466676115989683 0.39887334704399113
0.11561731100082395 0.40761140584945676 0.46681803464889526 0.47481517195701595 0.5651405125856399
0.3584813594818115 0.30440132617950444 0.4010240256786346 0.36936241388320923
0.34170058369636536 0.2756166458129883 0.3751167774200439 0.3111493349075317 0.5178115844726563
0.40403013825416567 0.491237199306488 0.37584429383277895 0.6313388168811798 0.3238151133060455 0.6254309892654419 0.30969811677932735 0.26822106838226323 0.6289538383483887 0.46011452674865727 0.2082574844360352 0.4994345843791962 0.6509200215339661 0.3976021707057953 0.45838261842727657 0.49740518331527706 0.4229590654373169
0.5275166869163513 0.5297959864139556 0.4109278917312622 0.6304856479167938 0.347206175327301 0.45640088915824895 0.6311741769313812 0.3883690416812897 0.4292420208454132 0.39530478119850154 0.4799303710460663 0.6312433183193207 0.4619596540927887 0.5437287271022797
0.470336788892746 0.2885639131069183 0.37211742997169495 0.22216281890869138 0.2797789394855499 0.4039693951606751 0.4291952729225159 0.49574340581893916 0.5849500834941864 0.5081548631191254 0.5841507256031037 0.5233677327632904 0.41058970689773555 0.45613135695457463
0.08872805833816533 0.09994454383850093 0.43950964808464055 0.3675553560256958 0.623455822467804 0.3947080850601197 0.3387804329395294 0.6291707575321197 0.5312447309494018 0.34950985908508303 0.4226833045482635
0.284604263305664 0.6703128516674042 0.24668207168579104 0.16026087999343874 0.18995296955108643 0.26679230928421016 0.6193999648094177 0.356898695230484 0.3226405143737793 0.3663463473320008 0.03908817768096928 0.19487555027008052 0.6193999648094177 0.16237632036209104 0.6231985747814178 0.36849004626274107 0.3226405143737793 0.3017553567886353 0.600292631983757
0.27168650627136226 0.3648803770542145 0.27771505117416384 0.48564537763595583 0.3166905760765075 0.39339827299118046 0.33886073827743535 0.5406599581241608 0.6070719361305237 0.4986243605613708 0.41782655715942385 0.33436406850814815 0.5931635588407517 0.6343070030212402 0.5080438315868377 0.31520836353302006 0.5163575351238251 0.44287025928497314 0.5158388197422028
0.45644114613533016 0.47960248589515686 0.4135761022567749 0.44720568060874943 0.6261591285467147 0.4253674805164337 0.5198036253452301 0.45688048005104065 0.4833433270454407 0.37013662457466123 0.4290285646915436 0.6158812046051025 0.518219131231308 0.4798768281936645 0.5155918180942536
0.33888722658157344 0.4457504987716675 0.4733944714069367 0.5371303856372833 0.39136906862258913 0.4639016211032867 0.1750639319419861 0.6115704357624054 0.46702250838279724 0.6086628496646881 0.43814277052879336 0.6401057839393616 0.34869962334632876 0.45179868340492246 0.378514689207077
0.265940272808075 0.20260506868362427 0.37230926752090454 0.38386036753654484 0.44638584256172176 0.3290854930877686 0.6228611633181572 0.31588480472564695 0.47140475511550906 0.5813002169132233 0.4530644237995147 0.6102234721183777 0.4070349216461182 0.5295733571052551 0.5864361107349396 0.43898448944091795 0.14853730201721194
0.2546030879020691 0.34546543359756465 0.41793109178543086 0.3013453364372254
0.40138828158378603 0.3867286741733551 0.5064200639724732 0.46543334722518925 0.4211106717586517 0.41250602602958675
0.17958496809005742 0.26695436239242554 0.3816908776760102 0.4360972464084625 0.6260013341903686 0.37765712738037105 0.46642031073570256 0.4329446375370025 0.47518619894981384 0.6297029674053192 0.258587384223938 0.4703497886657715 0.5161527037620545 0.6265053033828736 0.49753090739250183 0.46653543114662166 0.37634062170982363
0.17864811420440674 0.6307053864002228 0.45450913310050967 0.4342442095279694
0.25458188652992253 0.4239676147699356 0.35963697433471675 0.438837218284607 0.3912489235401153 0.40087646842002866 0.30369428396224973 0.5829439729452133
0.08899744749069216 0.20986862182617183 0.32018405199050903 0.5149620652198792 0.1796486854553223 0.43319023251533506 0.40773614645004275 0.5664888143539428 0.31627081036567684 0.529958164691925 0.6146580636501312 0.21614587306976318 0.4478534460067749 0.46700449585914616 0.3922907471656799
0.023202896118164062 0.2515906095504761 0.3388436496257782 0.46422334313392644
0.49342073202133174 0.44450801610946655 0.21944417953491213 0.6137225329875946 0.24664967060089116 0.3971908807754516 0.28542873859405515 0.6164117217063904 0.4556357264518738 0.6136670172214508 0.5125735580921174 0.4619090795516968 0.549770125746727 0.40419549942016597
0.06417953968048096 0.37657935619354244 0.33362144231796265 0.4086469650268555 0.3530974745750427 0.42646539211273193 0.3467712223529815 0.43959079980850224 0.41783007979393005 0.34240465164184575 0.49788370728492737 0.3712490737438202 0.42605552077293396 0.39676687121391296 0.4515915930271148 0.3768912792205811
0.11273261308670046 0.3328746497631073 0.5785798817873001 0.50241117477417 0.3607399821281433 0.6446029365062713 0.470344215631485 0.4585069298744202 0.4555041372776032 0.5018979668617248 0.3521529078483582 0.6780675813555718 0.6491270899772644 0.6113076835870743 0.4434009969234467 0.4585829317569733
0.36576025485992436 0.26277080178260803 0.510495400428772
0.11725839376449587 0.40831505656242373 0.45313506126403813 0.38394158482551577 0.48283350467681885 0.45488327741622925
0.3468715906143188 0.47191351652145386 0.36051013469696047 0.36152095198631284 0.3654669106006623 0.27156805992126465 0.4092322885990143 0.3583247005939484 0.4875557661056519 0.40777868032455444 0.5133255004882813 0.4509188234806061 0.4418291330337525
0.3226164937019348 0.3526636481285095 0.10825515985488887 0.38426790237426756 0.36748797893524165 0.3624228656291961 0.49755194783210754 0.31964936256408694
0.38796432018280025 0.4628581702709198 0.3296348214149475 0.4473852932453155 0.5446080327033996
0.3524163007736206 0.4670278787612915 0.4775506258010864 0.3158537864685058 0.33173626065254214 0.5357826471328735
0.2048386573791504 0.462909871339798 0.38984256982803345 0.34483843445777895 0.4083947360515594
0.32198538780212405 0.4164173781871796 0.3583940684795379 0.5430965662002564 0.33929549455642705
0.39230431914329533 0.34929144382476807 0.41543473005294795 0.3406120061874389 0.37010165452957156 0.4489528357982635 0.6044172167778015 0.37124081254005437 0.45031201243400576 0.6835341036319733 0.4988090693950653 0.39785361886024473
0.46239729523658757 0.4001839339733124 0.41994552016258235 0.4895320653915405 0.31082646846771245 0.34428608417510986
0.49827092289924624 0.41343985795974736 0.4078606069087982 0.6781397715210915
0.2517168998718262 0.3986451268196106 0.3342045783996582 0.27196739912033085
0.28211687803268437 0.43486634492874143 0.4086263298988342 0.47952070534229274 0.5192936658859253
0.2641292572021484 0.28439997434616093 0.4786843419075012 0.3816481590270996 0.5485606253147125
0.19794954061508174 0.4303883075714111 0.4815152883529663 0.44478327631950376 0.6450026571750641 0.39922501444816594 0.3532570362091064 0.5084275722503662 0.45558324158191676 0.29289410710334773
0.2522543430328369 0.36633914709091187 0.3528963148593902 0.441378790140152 0.3796273469924927
0.38877467513084407 0.5429100930690766 0.3359403073787689 0.4639865934848786 0.27026907205581663 0.48362063169479375 0.4665684103965759 0.5917179971933365 0.6416527688503265 0.18633643388748167 0.3881704151630402 0.5683958858251572 0.6677978456020355 0.5374705493450165 0.4373946189880371 0.5071081578731537
0.3165856897830963 0.37114298939704893 0.5161279201507568 0.31667927503585813 0.31172477006912236 0.47634366452693944 0.48399293422698975 0.621570634841919 0.5843953281641007 0.4064831376075745 0.392790824174881 0.5689461827278137 0.6179921209812165 0.43736827969551084 0.48588877320289614
0.14473947286605837 0.4269918173551559 0.46458208560943604 0.4970840811729431 0.2320339739322662 0.3707628548145294 0.4403051018714905 0.564364829659462 0.6454668402671814 0.540931898355484 0.5177316248416901 0.6694766342639923 0.3294641673564911 0.648216289281845 0.5505290687084198 0.3393802583217621 0.43043980598449705
0.2370531916618347 0.5069792538881301 0.3251678109169006 0.59566670358181 0.4750965774059296 0.5375981867313385 0.38377750515937803 0.6384854733943939 0.44794802069663997 0.7259833954274655 0.409780889749527 0.3431132435798645 0.4832426726818084
0.26767296791076656 0.5400352120399475 0.35616928339004517 0.3412392795085907 0.4569352865219116
0.13590492010116573 0.5193199336528778 0.33868528008460996 0.6421317994594574 0.415451192855835 0.48101676702499385 0.27442337274551387 0.49748944044113164 0.4186866462230683 0.6436352074146271 0.433676540851593 0.40863325595855715 0.6400564849376679 0.2752129793167114 0.6715302705764771 0.3998432636260987 0.6467034757137299 0.451760470867157 0.2913124918937683
0.3262034893035889 0.4132344663143158 0.3962397396564483 0.44601312279701233 0.48531135320663454
0.33944048881530764 0.4450605690479279 0.4176419973373413 0.6905132293701172 0.542543089389801 0.67902712225914 0.5649130046367645 0.6818870961666107 0.6250932842493058 0.3535720586776734 0.5246562123298645
0.29159644842147825 0.48961640596389766 0.6271730542182923 0.3137126445770264 0.5020743310451508 0.1788894534111023 0.28769258260726926 0.3849437773227692 0.629431527853012 0.32374625205993657 0.626539409160614 0.3984402120113373 0.4113748610019684 0.3582696139812469 0.6261236011981964 0.4705294787883758 0.20399115085601804
0.09874534606933594 0.47453172802925114 0.586438724398613 0.37250274419784546
0.29944193959236143 0.458708930015564 0.649034070968628 0.502567344903946 0.4331986367702484 0.6443758547306061 0.40731772780418396 0.4378360748291016 0.4481032013893127 0.4339267909526825 0.4235388815402985
0.3119315087795258 0.3550446093082428 0.27793945074081416 0.5113413751125335 0.40534405112266536 0.41886033415794377 0.3781089067459107 0.6447228074073792 0.3707698345184326 0.43908874392509456 0.6410941362380982 0.4041624367237091 0.6625545859336853 0.42268627882003784 0.4098109841346741
0.45008648633956905 0.35166745185852055 0.44842535853385923 0.3920672714710236 0.3948512494564056 0.592264062166214
0.21310303211212156 0.36239651441574094 0.4650345027446747 0.3567623794078827 0.4634162425994873
0.30154600739479065 0.3993812561035156 0.5443903505802155 0.3223099529743194
0.3865250289440155 0.41829414367675777 0.5474722385406494 0.3873884499073028
0.17592954635620117 0.3568572998046875 0.4335797011852265 0.37532656192779545 0.5410550832748413 0.45669358372688296
0.2858173727989197 0.20135542154312136 0.3610022306442261 0.507466334104538 0.3364776790142059 0.42756973505020146 0.45784609317779545 0.6731155395507813 0.49939926862716677 0.517674344778061 0.41471540927886963 0.45617443323135376 0.5994360029697419
0.07271132469177244 0.47189869284629826 0.3306003630161285 0.33956691026687624
0.1743111431598663 0.3340202450752259 0.14996112585067745 0.5844752132892609 0.17906202077865596 0.3642554104328155 0.33889069557189944 0.3182079076766968 0.37691090703010555 0.45189355015754695 0.33822440505027773
0.322375762462616 0.1618645191192627 0.362220573425293 0.6060974895954132 0.23788295984268193 0.32587187290191655 0.3578792870044708 0.24579748511314392 0.550216668844223
0.22590577602386475 0.5040959656238556 0.4897787153720856 0.5195981562137604 0.4874842971563339
0.43793149590492253 0.433926647901535 0.3441583812236786 0.4835834085941315 0.4158354222774505 0.6785240828990936 0.4481599271297455 0.6747379720211029 0.43213511705398555 0.49844629466533663
0.21244562864303584 0.26847825646400447 0.2790074229240418 0.6372075140476227 0.3342914700508117 0.284056282043457 0.6413309037685394 0.2655194520950317 0.5830628514289856 0.3481028556823731 0.36919382214546204 0.33857249021530156 0.4988197386264801
0.06611573696136475 0.4752820551395416 0.481946074962616
0.24616080522537231 0.3148440241813659 0.4601510465145111 0.39096421003341675 0.36717741489410405
0.33515141606330867 0.505584055185318 0.21339529752731323 0.3370178699493408 0.4230490446090698 0.41280233263969424 0.43354396224021907 0.6231727242469788 0.3358511686325073 0.4986285328865051 0.6475785374641418 0.6155077666044235 0.37682191133499143
0.2114158153533936 0.3073488056659699 0.641142737865448 0.255928635597229 0.4506204009056092 0.6419943451881409 0.19062764644622798 0.490311074256897 0.4097659826278687 0.6448958575725555 0.333568400144577 0.6421970665454865 0.4461136937141419 0.544792377948761 0.46549240350723264 0.39843851923942564 0.204608416557312
0.32600798010826115 0.4526618182659149 0.2595235466957092 0.5664715826511383 0.3386826097965241
0.2794582486152649 0.611923237144947 0.3693403899669647 0.6089876174926758 0.5219146192073822 0.581212705373764 0.2960966467857361 0.6288745939731598 0.5032368004322052 0.6260059297084808 0.41656180620193484 0.6584799468517304 0.26146848201751705 0.4589681506156922 0.3626585602760315
0.3541604816913605 0.5009578406810761 0.3205511927604675 0.48313305377960203 0.6085615575313568 0.4170665562152862 0.4525770485401154 0.25529103279113774 0.4910027086734772 0.6118309259414673 0.29090021848678593 0.3904370069503784 0.6360706150531769 0.36296836137771604 0.2730482220649719
0.12715420722961424 0.24339548945426936 0.3334188759326935 0.4059047341346741
0.23192979097366329 0.4376373827457428 0.308129221200943 0.43182519674301145
0.17075867652893062 0.281462037563324 0.4188310921192169 0.6162642389535904
0.3861210167407989 0.5837789952754975 0.43683486580848696 0.3920200884342193
0.6135792911052704 0.2790417432785034 0.3257739663124084 0.3651646614074707 0.427811861038208 0.2950339794158936 0.27989881038665776 0.5810543417930603 0.413514232635498 0.26656105518341067 0.5223434329032898 0.4736575007438659 0.4681495904922486
0.3698603749275208 0.26788069605827336 0.33035582304000854 1.0552447736263275 0.6335905015468597 0.406169593334198 0.42321934103965764 0.2699622273445129 0.4894728124141693 0.6377225697040558 0.34770992398262024 0.6800567999482154 0.6337676525115967 0.3845213413238525 0.4170765101909637
0.20287147760391233 0.2385346412658691 0.48705266118049617 0.3772029101848602 0.46196551918983464 0.334635591506958
7.152557373046875e-07 0.43987804949283604 0.4826476573944092 0.40277444124221806 0.44839392900466923 0.44442141652107237 0.4055016279220581 0.21394636631011965 0.35553733110427854
0.06956125497817989 0.461730033159256 0.5169791042804718 0.36843013763427734
0.2628556370735169 0.37512884140014646 0.2680986046791076 0.4429565012454987
0.245071804523468 0.3631373763084411 0.3596566796302796 0.5136285185813904 0.40444419384002683 0.5240725755691529 0.3711821138858795
0.22533851861953735 0.44472697377204895 0.3596073746681213 0.39691781997680664 0.5492862224578857
0.41302164196968083 0.43052279353141787 0.3974695265293121 0.3775076031684875 0.43085688650608067
0.1379350304603577 0.34018595218658443 0.17984299659729008
0.4225065886974335 0.4715727925300598 0.5089658677577973 0.39679321050643923 0.35370499491691587
0.23185917139053347 0.4906017899513244 0.5802696853876114 0.4391951143741608 0.5794914603233338 0.4482513129711151 0.6087773472070694 0.6158343732357026 0.4477875411510468 0.4906591475009918 0.3027870118618011
0.32970473170280457 0.2949229538440704 0.4444118797779083 0.3758226811885834 0.35560027360916135 0.32826291322708134 0.3581857681274414 0.5026042222976684 0.47934030890464785 0.576851150393486 0.6091050773859024
0.13177216053009033 0.0880597352981567 0.20073684453964236 0.4943223536014557 0.6405639052391052 0.2929595112800598 0.2312957286834717 0.6437680006027222 0.2953331708908081 0.3410943508148193 0.6405508995056153 0.259369146823883 0.671285605430603 0.3925763309001923 0.29324005842208867 0.422169816493988 0.3388784766197205
0.4396475195884705 0.4529909670352936 0.5092647194862365 0.49469925165176387 0.4456425786018372
0.037107229232788086 0.43938858509063716 0.392293655872345 0.2912570595741272
0.11919189691543575 0.14316275119781496 0.2709275603294372 0.6310947120189667 0.3416781902313233 0.19226151704788208 0.49022179245948794 0.6308275103569031 0.4665073215961456 0.6617140650749207 0.5181373417377472 0.6371483325958252 0.2966379046440124 0.6299076676368713 0.4193772196769714 0.6344208598136902 0.2826531171798706 0.4348085582256317
0.25771499872207637 0.4011682629585266 0.4401944994926452 0.3911800682544708
0.29147136211395264 0.3563508093357086 0.47802527546882634 0.5674269467592239 0.61225825548172 0.8003504775464535 0.6164786756038666 0.34930833578109743 0.5817519813776016
0.25882040262222294 0.3653555870056152 0.44914439916610716 0.2545453071594238
0.46180045008659365 0.47051917314529423 0.5375416129827499 0.4989897429943084 0.4193300366401672 0.4826868057250977
0.41796832084655766 0.5258793532848358 0.35625996589660647 0.22916080951690676
0.21443047523498537 0.37816427350044246 0.49094528555870054 0.3572719156742096 0.5209019660949707 0.37688420414924617
0.30351573824882505 0.43671026825904846 0.4096434473991394 0.4636957168579101 0.3957374632358551 0.45298616290092464
0.20726729631423946 0.3981722354888916 0.4884718775749206 0.33844344019889827 0.2536163449287414 0.32461920380592346 0.4533711791038513 0.40801289677619934 0.611697006225586 0.6199120461940766 0.41296937465667727 0.6080725073814393 0.5379939377307892 0.4437929928302765 0.6360467493534088 0.331745445728302 0.47042691707611084 0.46116455197334294 0.6063940644264221 0.5566849648952484 0.4573003888130188 0.530723187327385 0.5618621855974197
0.3075738430023194 0.2889314770698548 0.4778188169002533 0.48044789433479307 0.5530782580375672 0.4581459999084473
0.2875655829906464 0.5576125144958496 1.2027677306905389 0.49506568908691406 0.8344875393435359 1.0739763416349888 0.5622619569301606 0.40305082798004155 0.36195611357688906
0.20013971328735347 0.392170125246048 0.3240457355976105 0.4463912129402161 0.6120392858982087 0.28756567239761355 0.4214033782482147 0.41265315413475034 0.3973480343818665 0.6157359778881073 0.3679197549819946 0.4348425388336181 0.6341076076030732 0.35149250030517576 0.3714217066764831 0.4084809005260468 0.3419693410396576 0.6105913281440735 0.36846404075622563 0.32868120074272156
0.40855259299278257 0.3919815272092819 0.45037149190902714 0.4547019600868225 0.4724200993776322 0.7031260460615159 0.5468554139137268 0.6290099278092385 0.35243903994560244 0.48919826149940493
0.41762130260467534 0.5127743661403656 0.5731602489948273 0.49023492932319646 0.5060351848602295 0.48732176721096043 0.5788448870182037 0.537799346446991 0.4901467800140381 0.4591275691986084 0.49461562037467954
0.518047708272934 0.4024460092186928 0.5068096041679382 0.43074422478675845 0.4392300009727478 0.39052854180335994 0.5468378275632858 0.3521194279193878 0.41963410973548887
0.18878922462463377 0.3258172750473023 0.5007275104522705 0.29931768774986267
0.25904084444046016 0.3871170818805695 0.5370379358530044 0.430043774843216 0.465589451789856
0.2412787675857544 0.40507084131240845 0.49159185290336604 0.43742908835411076 0.6065811038017273 0.465323942899704 0.6042698621749878 0.577688780426979 0.38218262791633606 0.5196607410907745 0.5737644463777543 0.634797328710556 0.41159600019454956 0.3443541884422302 0.5046322166919708
0.3193174660205841 0.5428236484527588 0.3129346966743469 0.2944940686225891 0.549142062664032 0.29977680444717403 0.477857381105423 0.6585031867027282 0.3684033036231995 0.6564763188362122 0.5443765699863434 0.6853177130222321 0.5038831651210784 0.31627054214477535 0.5550053298473359 0.5817420899868011
0.141281521320343 0.29523237943649294 0.3842909336090088 0.46324375867843626 0.36284307241439817
0.23858668804168703 0.38994477987289433 0.4095062673091888 0.4379078328609467 0.33777371048927307
0.1941820859909058 0.3397363662719727 0.556856107711792 0.38357429504394536 0.37529546618461607
0.2546255350112915 0.3397171556949615 0.42725619673728943 0.26144127845764165
0.19230524301528928 0.37485331296920776 0.18605865240097041 0.5555695444345474 0.23137222528457646 0.2854398488998413 0.6359802842140198 0.48338549137115483 0.39069227576255794 0.6638943433761597 0.47776428461074827 0.6395329535007477 0.4311601102352143 0.3925911545753479 0.38936247229576115
0.22944353818893437 0.49854863882064815 0.37510052919387815 0.45217353105545044
0.31976238489151 0.2625327587127686 0.28695526123046877 0.22162001132965092 0.6624048471450805 0.2857268214225769 0.6591545581817627 0.3062511801719665 0.6817819952964783 0.27572612762451176 0.421019846200943 0.6567843437194825 0.2754058718681336 0.3813713490962982 0.28951935768127446
0.09914011955261226 0.3640803933143616 0.2768476903438568 0.6172335296869278
0.3070878148078918 0.34995632171630864 0.36552172899246216 0.5666617214679718 0.29321223497390747
0.1381126761436462 0.12979894876480103 0.17874402999877925 0.1800113201141358 0.34891561865806575 0.21655926704406736 0.6085319101810456 0.28838111162185665 0.4096390664577484 0.4172351598739624 0.6202890157699585 0.15650295019149785 0.2367751777172089 0.2260199785232544 0.5990296483039856 0.23782081604003902 0.4506558567285538 0.598443192243576 0.29822847843170164 0.6036269068717957 0.3802586078643799 0.10782861709594727
0.3438767731189728 0.4318206667900085 0.3457139909267426 0.42037596702575686
0.4076156556606293 0.3873674690723419 0.39397555589675903 0.4999091655015946 0.3917905330657959
0.2666075587272644 0.4665952563285828 0.42622679471969604 0.4071882665157318 0.5467377334833146
0.2217758297920227 0.17544423341751103 0.6358205854892731 0.2111250996589661 0.41163887381553654 0.3633683383464813 0.40901947021484375 0.6371361196041108 0.2451584696769714 0.573215913772583 0.6339762270450592 0.22888165712356567 0.5076809227466583 0.4256545305252075 0.32779081463813786 0.6171994805335999 0.4448289632797241 0.38262733519077297
0.23950067162513733 0.44205247759819033 0.37669697403907776 0.647689226269722 0.400652426481247
0.4310237884521484 0.6390522956848145 0.7074438780546188 0.3999108612537384 0.4501159429550171 0.5008708953857421 0.5478355765342713 0.5269651889801026 0.5326310336589813 0.6988439619541168 0.4870669305324554 0.5754445016384124 0.4226920664310455
0.47806369662284853 0.3173878490924835 0.463261342048645 0.5268754184246063 0.3738109230995178
0.016050291061401323 0.16718008518218996 0.44852113723754883 0.459900575876236
0.060381948947906494 0.3623086452484131 0.34800621271133425 0.2989804148674011 0.48237622976303096 0.1787378072738648 0.39514592885971067 0.3629843115806579 0.38635974526405337
0.07344489097595219 0.3117073178291321 0.3586402893066406 0.30715858936309814 0.29982914924621584 0.6321952283382416 0.38673332929611204 0.4130540728569031 0.23542383909225462 0.3436612010002136 0.6274518489837646 0.41111541390419004 0.4743488550186157 0.5587140202522278
0.2124003648757935 0.16534491777420046 0.5394822388887406 0.3829802751541138
0.10783737897872925 0.4196318566799164 0.2686937570571899 0.29228284358978274 0.3019528388977051 0.6666005551815033 0.2458396553993225 0.17551380395889282 0.6927481710910797 0.41905951499938965 0.28515625 0.47109800577163696
0.4131592988967896 0.4618005990982056 0.27773696184158325 0.39113442897796635
0.6008095860481262 0.6054587572813034 0.4828666269779205 0.5896631628274918
0.33887797594070435 0.2889782309532165 0.17222205400466917 0.22484946250915527 0.374066811800003 0.6466757893562317 0.2630548715591431 0.3995807290077209 0.6466011345386505 0.3891600430011749 0.6430243790149689 0.42406198382377625 0.6692923545837403 0.4688329637050629 0.41565213203430174 0.4444652080535889
0.171325933933258 0.4571918249130249 0.704145273566246 0.3227010428905487 0.6978946566581726 0.29611133933067324 0.32129405140876766 0.7006941705942153 0.46591153740882874 0.6968205511569977 0.5396440505981446 0.3078060746192932 0.566996306180954
0.2878449440002442 0.47037479281425476 0.5464489877223968 0.382707417011261 0.5478983640670776 0.49318341016769407 0.6886370837688446 0.5436246871948243 0.29289431571960445
0.26614462137222294 0.45798417925834656 0.3435527056455612 0.4583090126514435 0.38055722117424007 0.6470149010419846 0.5276407867670059 0.506564149260521 0.6701715230941773 0.5058696240186691 0.40653808712959294 0.45625199079513545
0.23441507220268254 0.3179092645645142 0.5040780365467071
0.29525279998779297 0.45264846086502075 0.6074630171060562 0.3751689732074738
0.49607644677162166 0.38712342977523806 0.4414424955844879 0.572890293598175 0.6923445105552674
0.3197161853313446 0.3996820688247681 0.3205385565757751 0.5635414719581604 0.5707441985607147
0.30487341880798335 0.47812817990779877 0.4884133160114288 0.5256426006555557 0.6208487018942833 0.6704849824309349 0.5975498348474503 0.5106600463390351 0.42403548359870913
0.3741274237632751 0.32870155572891235 0.4863033890724182 0.28225064277648926
0.3471849143505097 0.4166544854640961 0.43583344221115117 0.20236929655075075 0.4190322577953338
0.33760737180709843 0.5567587792873383 0.409680449962616 0.4868979752063751 0.49599866867065434 0.47414635419845585 0.7192392751574517 0.6598384201526641 0.3560463130474091 0.4818260073661804 0.6569751262664795 0.6530005009379238 0.49824506640434263 0.4854632198810578 0.512383621931076
0.3332730114459992 0.4262318134307861 0.3024817407131195
0.361427652835846 0.4561033725738526 0.37376988530158994 0.4109838306903839
0.3395047724246979 0.4888475626707077 0.1810407042503357 0.33143241405487056 0.6107782185077667 0.39469529986381535 0.3520281076431274 0.6144436180591584 0.4275687456130981 0.4497405409812927 0.6112400114536285 0.36103796362876894 0.5044575333595276 0.6366523504257202 0.39429509043693545 0.49827939867973325 0.4879586577415467 0.4514000415802002
0.09035167694091795 0.042496335506439165 0.23889442682266238 0.21162806749343877 0.3063347220420838 0.27854266166687014 0.3714524328708648 0.3001512169837952 0.38193371891975403 0.42725605368614195 0.5672130048274994 0.22781475782394411 0.28443114757537846 0.5957128226757049 0.27511409521102903 0.37652955055236814 0.5680197030305862 0.31707079410552974
0.1620744228363037 0.4125332951545715 0.26135185956954954 0.5716794490814209 0.6314682781696319 0.4391049206256866 0.3904851853847504 0.5556935697793961 0.6345844507217407 0.35440410971641545 0.6301559329032898 0.5358626127243042 0.6513043999671936 0.45305008888244624 0.46750323772430424 0.605039405822754 0.626292061805725 0.5681168854236602 0.2868183612823486 0.4432978749275207
0.13423578739166264 0.23342599868774416 0.3404831051826477 0.43615390658378606 0.47916775941848755 0.35582410097122197 0.637754499912262 0.47917022705078127 0.6347724020481109 0.52241829931736 0.39909307360649104 0.5565477967262268 0.6587276577949523 0.25310319662094116 0.3295318245887756 0.43709874153137207
0.12471603155136113 0.3349162817001343 0.5587563306093216 0.2043438076972961 0.26176710128784175 0.3378978788852691 0.49150730371475215 0.6031764090061188 0.59248366355896 0.255504983663559 0.20607783794403078 0.5696876883506775 0.6153430581092835 0.3186888337135315 0.5039314001798629 0.4326255977153778 0.5352669596672058 0.5873986184597015 0.5094859302043915 0.6099766820669175 0.5103507578372956 0.524896788597107
0.2881910324096679 0.22533322572708125 0.13836412429809575 0.36952213048934934 0.27445827722549443 0.20082936286926267 0.3807014644145965 0.22756860256195066 0.4903765499591828 0.5834783732891082 0.3117939829826355 0.43698439598083494 0.5359920740127564 0.4600011587142945 0.5549718499183655 0.5810033500194549 0.4658457040786743 0.5836305916309357 0.4641138672828674 0.6022225171327591 0.5097387194633484 0.4809126555919647
0.228669548034668 0.4235006690025329 0.4805567383766174 0.4350400924682617 0.3365269064903259 0.4461316347122193 0.6146267652511597 0.4617906987667084 0.54692342877388 0.6112923502922059 0.45219910740852354 0.35441576242446904
0.28172132968902586 0.4824862062931061 0.4381904363632202 0.5054200388491153 0.44185816645622256 0.37014890313148496
0.30058887004852297 0.682035145163536 0.5614464402198791 0.558254274725914 0.5691125243902206 0.7041469037532806 0.5341639697551728 0.28290087580680845 0.5902021527290344
0.5741188734769821 0.5902703940868378 0.370026433467865
0.4692148685455322 0.4476418316364288 0.4649645686149597 0.45642369389534 0.4038575828075409
0.33540498018264775 1.0055167430546135 0.3826124906539917 0.3486870527267456 0.2676757156848908 0.5191891968250275 0.37381268739700313 0.4154408752918244 0.3607531070709229 0.6138904988765717 0.3417492568492889 0.3293833494186401 0.5066768079996109 0.38675995469093327
0.29655201435089107 0.48683595657348633 0.4315259248018265 0.4613438844680786 0.5181864261627197
0.31500931382179265 0.6916174173355103 0.29076454043388367
0.47489067912101746 0.5368906617164612 0.6306272625923157 0.4333193480968476 0.5196458995342255
0.3103826820850373 0.48942844867706303 0.4132923722267151 0.472156286239624 0.30983464717864995 0.16294180750846865 0.42143368124961855 0.4517468392848969 0.39557587504386904 0.3438391268253327 0.4018598198890686 0.3494260013103485
0.41195579767227175 0.4183134257793426 0.3736997485160828 0.41215103268623354 0.3909122943878174
0.07029809951782229 0.4248778522014618 0.4810895889997482
0.265259039402008 0.35765375494956975 0.3700101256370545 0.23935977220535276 0.3188313722610474 0.6787006616592407 0.37353319525718687 0.28403199315071104 0.700594300031662 0.44137046337127683 0.6801171243190766 0.31722900867462156 0.337417995929718
0.3404154300689697 0.361413961648941 0.29764186143875127 0.17253679037094116 0.14078305959701543 0.44300219714641575 0.23228727579116826 0.4996726155281067 0.4912587463855743 0.3222174882888794
0.3668508648872375 0.47098110318183894 0.4676989555358887 0.4091351628303528 0.5010094046592712
0.11262680292129512 0.36240823268890376 0.412544596195221 0.5843778103590012 0.3383111476898193 0.21591064929962156 0.6234548926353455 0.4220830082893372 0.4123176515102387 0.6523596465587616 0.4542128384113312 0.4541190385818481 0.21394246816635132
0.4320147693157196 0.4867694839835167 0.4677908539772033 0.6813516318798065 0.40378257632255554 0.5094703197479248 0.26924107074737547 0.3067972421646118
0.38321576118469236 0.3782870292663574 0.20905817747116084 0.2605597138404846 0.4883799076080322 0.39823460578918457 0.42744513750076296 0.5082990229129791 0.6109120666980743 0.39002098441123967 0.6062249004840851 0.5357185184955597 0.6337287306785584 0.46079895496368406 0.6208051919937134 0.4372252464294434
0.19956610202789304 0.2886119484901428 0.6931432909332216 0.4140658855438233 0.676370358467102 0.4148671984672546 0.5102361857891082 0.4048580944538116
0.3052757441997528 0.4383277535438538 0.5471270620822907 0.5931352347135543 0.6829859301447868 0.6276562541723252 0.6323050707578659 0.7005083352327347 0.6050282478332519 0.3912665843963623
0.5469424933195114 0.3765871942043304 0.4284024238586426 0.4952320277690887 0.7840447757393122 0.5130522340536118
0.22801519632339473 0.5149244129657745 0.4646806359291077 0.4043831646442413
0.22523709535598757 0.4362683892250061 0.33924957513809206 0.4053340911865234 0.39513631463050847
0.13961172103881836 0.411430013179779 0.27169116735458376 0.5365964770317078
0.4813107460737228 0.3018534660339356
0.389626932144165 0.5550110548734665 0.5610711693763732 0.3470002770423889 0.48201861381530764 0.45613735020160673
0.48661113977432247 0.5221207201480865 0.33440560698509214 0.4327457427978516
0.23854446411132812 0.49818968772888184 0.5987760096788406 0.4701864182949066
0.3235159873962402 0.7467893675900996 0.6168586134910583 0.5952809065580368 0.5078047454357147 0.5351795256137848 0.511385726928711 0.680768284201622 0.600838902592659 0.6752431333065033 0.5453138589859009 0.3099057078361511
